10 6 3 0.8702
27 12 21 0.9005
18 8 13 0.8991
30 8 28 0.9027
0 0 0 0.9017
36 13 36 0.8957
23 4 23 0.8975
25 8 24 0.8949
20 6 15 0.8959
37 17 30 0.9004
31 8 31 0.8978
17 8 11 0.8951
12 5 9 0.8954
22 4 19 0.8979
37 9 20 0.8987
0 0 0 0.8993
31 16 30 0.9021
3 3 0 0.8994
32 8 27 0.8990
9 2 6 0.9016
3 0 0 0.9007
7 3 0 0.9007
3 3 0 0.8948
20 5 11 0.8933
24 8 22 0.8938
21 8 21 0.8928
25 13 18 0.8892
26 14 22 0.8869
36 15 27 0.8847
24 8 23 0.8826
16 8 11 0.8816
32 12 32 0.8823
3 0 3 0.8838
16 4 16 0.8840
4 2 4 0.8840
14 2 6 0.8857
9 4 4 0.8864
29 4 29 0.8853
19 7 16 0.8866
18 3 14 0.8865
26 11 20 0.8857
20 6 16 0.8842
12 6 11 0.8823
20 9 16 0.8813
16 5 13 0.8803
19 8 14 0.8800
27 13 25 0.8792
21 8 18 0.8770
21 8 18 0.8773
33 16 26 0.8778
28 8 21 0.8773
21 8 13 0.8764
22 10 15 0.8742
31 11 27 0.8728
26 12 22 0.8718
12 3 9 0.8708
31 12 31 0.8698
14 2 8 0.8685
32 12 27 0.8680
13 3 12 0.8672
24 11 17 0.8664
38 14 33 0.8657
31 8 26 0.8651
27 11 24 0.8641
27 15 23 0.8631
23 8 16 0.8625
29 15 22 0.8618
18 1 11 0.8609
25 1 19 0.8602
26 12 18 0.8592
5 1 0 0.8599
24 9 24 0.8604
22 10 18 0.8610
36 15 35 0.8612
7 3 3 0.8610
3 2 0 0.8598
37 17 33 0.8588
35 15 26 0.8575
26 4 26 0.8563
7 5 4 0.8552
22 9 18 0.8539
31 8 24 0.8525
32 6 27 0.8516
20 8 16 0.8504
29 10 25 0.8497
30 4 26 0.8490
24 4 20 0.8479
20 8 16 0.8469
37 12 32 0.8459
33 5 31 0.8452
24 11 22 0.8444
8 3 4 0.8435
53 14 25 0.8427
28 12 24 0.8418
35 7 22 0.8409
30 14 29 0.8402
39 16 33 0.8399
19 8 15 0.8393
39 16 37 0.8387
26 13 21 0.8378
23 9 18 0.8370
0 0 0 0.8370
28 13 23 0.8366
19 8 15 0.8356
12 8 8 0.8348
4 3 0 0.8343
40 16 40 0.8337
15 7 9 0.8334
18 7 10 0.8324
40 16 37 0.8313
25 8 21 0.8301
26 4 21 0.8292
41 17 40 0.8287
42 17 38 0.8282
32 11 27 0.8279
32 12 29 0.8274
32 5 32 0.8259
25 9 20 0.8254
32 11 28 0.8249
27 11 24 0.8244
30 19 29 0.8247
27 4 23 0.8248
32 11 30 0.8243
25 4 21 0.8237
24 8 18 0.8235
30 9 21 0.8235
12 3 8 0.8234
32 8 27 0.8232
24 8 17 0.8228
36 12 30 0.8227
32 5 32 0.8228
34 11 29 0.8228
5 3 4 0.8224
27 8 19 0.8220
32 5 32 0.8219
26 12 22 0.8218
27 13 23 0.8213
30 8 26 0.8211
34 10 29 0.8210
37 14 33 0.8205
32 5 32 0.8204
40 16 40 0.8202
38 12 33 0.8198
15 7 11 0.8197
14 7 10 0.8196
27 4 27 0.8192
36 16 32 0.8191
39 15 39 0.8189
35 16 31 0.8185
23 8 17 0.8186
8 7 8 0.8185
34 11 26 0.8182
29 16 24 0.8181
46 18 41 0.8179
0 0 0 0.8175
38 15 30 0.8174
16 4 14 0.8173
34 16 27 0.8169
26 8 21 0.8168
28 12 24 0.8166
7 3 3 0.8162
28 11 21 0.8160
37 13 31 0.8159
20 4 16 0.8157
28 9 22 0.8154
26 12 21 0.8153
33 5 30 0.8151
36 16 27 0.8150
27 10 20 0.8149
0 0 0 0.8144
30 9 30 0.8143
26 4 25 0.8143
34 12 33 0.8140
25 9 18 0.8140
15 9 11 0.8141
22 9 20 0.8139
26 8 22 0.8136
41 17 33 0.8133
28 8 23 0.8130
34 6 32 0.8127
30 11 23 0.8123
25 9 17 0.8119
36 12 30 0.8117
20 8 15 0.8114
29 12 25 0.8110
17 4 17 0.8107
22 9 18 0.8103
42 17 38 0.8099
37 16 29 0.8096
8 3 4 0.8094
48 17 44 0.8090
18 5 9 0.8088
38 15 31 0.8083
39 15 36 0.8078
14 4 10 0.8073
35 11 23 0.8068
38 13 34 0.8063
29 7 19 0.8058
24 10 19 0.8053
21 9 14 0.8048
31 15 27 0.8044
39 15 35 0.8039
28 12 21 0.8034
31 12 22 0.8030
29 14 25 0.8025
19 4 15 0.8021
31 4 22 0.8017
20 8 16 0.8012
34 12 24 0.8008
32 9 30 0.8004
15 4 11 0.7999
9 4 5 0.7996
31 13 22 0.7994
25 13 18 0.7991
39 16 35 0.7987
34 14 30 0.7984
27 11 22 0.7981
31 8 21 0.7977
35 11 31 0.7974
20 8 12 0.7970
36 9 17 0.7967
31 14 27 0.7965
19 7 15 0.7965
19 7 9 0.7965
37 15 34 0.7963
16 4 15 0.7958
20 1 14 0.7955
30 7 22 0.7951
38 16 33 0.7948
34 16 27 0.7944
36 13 28 0.7941
23 8 17 0.7937
37 13 29 0.7934
31 12 20 0.7931
18 7 9 0.7928
16 1 6 0.7928
28 10 22 0.7926
24 5 14 0.7922
30 14 24 0.7919
22 5 15 0.7916
24 8 20 0.7913
28 7 24 0.7913
35 15 31 0.7911
36 10 32 0.7909
37 16 33 0.7906
31 8 22 0.7903
28 4 24 0.7900
30 10 26 0.7898
39 15 35 0.7895
30 7 23 0.7893
18 7 14 0.7890
36 11 29 0.7887
24 9 18 0.7885
37 16 37 0.7882
18 10 15 0.7880
28 14 24 0.7878
37 13 33 0.7875
29 12 24 0.7873
22 10 18 0.7870
31 9 27 0.7868
36 12 31 0.7865
16 4 12 0.7863
41 17 37 0.7860
38 16 35 0.7861
35 15 25 0.7862
30 11 27 0.7861
17 5 13 0.7860
30 10 26 0.7859
31 11 27 0.7857
26 9 22 0.7856
32 13 28 0.7854
32 5 32 0.7853
33 16 27 0.7851
26 8 19 0.7850
34 12 34 0.7848
29 10 26 0.7846
28 3 21 0.7846
22 9 16 0.7845
35 13 35 0.7845
19 8 15 0.7843
36 15 32 0.7843
34 10 30 0.7843
18 4 17 0.7844
16 4 12 0.7844
40 12 38 0.7844
38 12 38 0.7842
34 10 30 0.7844
0.7845   
