39 16 35 0.7308
25 10 20 0.7169
11 3 7 0.7258
26 4 21 0.7218
0 0 0 0.7201
26 14 23 0.7218
53 24 27 0.7155
20 8 16 0.7140
22 9 22 0.7131
29 13 26 0.7161
22 6 22 0.7156
39 10 16 0.7141
36 16 32 0.7134
30 16 26 0.7147
27 9 23 0.7137
40 16 34 0.7121
31 8 26 0.7123
4 3 0 0.7149
21 8 17 0.7149
30 13 28 0.7157
26 13 22 0.7163
43 11 22 0.7191
31 4 27 0.7188
19 9 15 0.7173
31 9 27 0.7167
26 4 21 0.7181
6 3 3 0.7187
32 11 27 0.7190
36 15 28 0.7191
29 8 22 0.7176
32 11 23 0.7191
3 3 0 0.7194
19 8 9 0.7198
41 17 41 0.7194
27 10 19 0.7199
12 5 12 0.7187
28 14 26 0.7185
25 11 20 0.7185
32 15 31 0.7192
24 5 21 0.7202
24 5 17 0.7210
19 8 15 0.7200
34 7 29 0.7203
16 5 11 0.7205
16 6 12 0.7213
3 0 0 0.7227
4 0 0 0.7229
24 1 20 0.7232
30 13 28 0.7231
23 10 19 0.7231
30 10 27 0.7232
31 15 28 0.7240
30 13 24 0.7244
16 5 10 0.7244
36 12 36 0.7249
44 17 38 0.7259
32 5 29 0.7256
34 16 33 0.7270
28 9 24 0.7284
41 17 37 0.7278
32 13 25 0.7273
15 6 11 0.7276
32 13 26 0.7271
19 8 15 0.7276
30 12 30 0.7279
39 15 35 0.7277
16 1 0 0.7279
28 11 27 0.7285
25 8 21 0.7288
14 8 10 0.7288
7 0 0 0.7301
3 3 1 0.7305
21 8 16 0.7311
30 10 17 0.7309
25 9 21 0.7312
3 2 3 0.7314
26 3 18 0.7315
20 4 16 0.7315
29 12 25 0.7313
28 13 24 0.7311
29 10 25 0.7311
31 11 26 0.7314
6 2 2 0.7317
9 6 5 0.7315
35 15 31 0.7315
32 12 24 0.7312
20 8 12 0.7313
30 12 28 0.7311
20 4 19 0.7306
30 12 26 0.7309
43 18 43 0.7306
17 8 13 0.7304
31 15 26 0.7302
49 20 34 0.7301
30 10 28 0.7297
25 8 21 0.7291
33 16 29 0.7293
37 12 31 0.7291
25 6 21 0.7290
64 18 27 0.7286
12 7 8 0.7286
41 16 41 0.7285
28 15 24 0.7284
34 16 32 0.7285
23 5 20 0.7288
19 9 15 0.7287
38 15 38 0.7283
20 8 16 0.7280
30 14 29 0.7282
24 8 20 0.7284
41 16 40 0.7286
29 12 22 0.7285
41 17 35 0.7283
24 9 23 0.7283
36 12 32 0.7283
20 4 17 0.7282
45 16 44 0.7281
28 11 28 0.7282
26 14 21 0.7283
26 8 26 0.7281
20 8 16 0.7279
8 3 6 0.7277
36 12 30 0.7278
10 3 6 0.7283
30 8 24 0.7279
40 16 38 0.7276
34 12 34 0.7276
30 10 20 0.7278
26 11 25 0.7274
4 3 4 0.7271
3 2 0 0.7267
30 6 24 0.7263
30 4 30 0.7260
24 3 9 0.7256
31 14 23 0.7261
21 8 17 0.7262
43 15 33 0.7261
26 11 25 0.7263
24 4 24 0.7258
28 4 28 0.7259
24 11 16 0.7257
28 10 22 0.7261
12 2 4 0.7263
19 9 10 0.7267
29 6 6 0.7268
24 4 21 0.7266
27 8 23 0.7268
30 9 26 0.7272
5 2 0 0.7272
41 17 41 0.7272
0 0 0 0.7271
0 0 0 0.7274
32 7 15 0.7275
20 8 14 0.7276
55 13 28 0.7275
9 2 2 0.7274
25 13 20 0.7275
38 16 27 0.7278
16 8 12 0.7277
26 10 22 0.7277
3 2 0 0.7279
25 4 25 0.7282
37 13 31 0.7281
26 14 21 0.7280
28 11 24 0.7281
30 11 22 0.7278
32 16 32 0.7277
12 3 8 0.7274
29 9 28 0.7274
53 14 32 0.7273
34 11 30 0.7272
28 5 26 0.7272
36 16 31 0.7270
38 9 38 0.7270
11 2 5 0.7269
44 17 37 0.7270
26 9 24 0.7268
30 19 26 0.7268
12 6 5 0.7267
13 3 9 0.7265
0 0 0 0.7267
40 16 33 0.7267
15 9 12 0.7267
25 9 24 0.7266
31 13 30 0.7267
28 8 24 0.7268
27 10 15 0.7268
54 14 27 0.7269
31 15 31 0.7271
32 11 28 0.7269
40 16 36 0.7269
29 9 29 0.7269
36 12 33 0.7268
3 1 0 0.7270
20 8 16 0.7270
0 0 0 0.7271
16 3 5 0.7273
18 7 13 0.7272
29 14 25 0.7272
36 9 32 0.7273
39 15 39 0.7272
21 8 14 0.7271
26 2 22 0.7269
17 8 13 0.7268
27 8 21 0.7267
44 20 44 0.7266
30 8 22 0.7264
24 8 16 0.7262
33 11 33 0.7261
20 8 15 0.7260
0 0 0 0.7259
23 8 17 0.7259
35 16 24 0.7260
18 2 12 0.7260
33 11 27 0.7261
45 20 45 0.7260
29 13 25 0.7259
42 16 41 0.7258
9 6 5 0.7259
26 11 21 0.7257
8 0 4 0.7256
30 4 30 0.7256
24 9 18 0.7254
19 5 15 0.7254
3 0 3 0.7255
32 3 25 0.7254
20 8 17 0.7252
10 6 6 0.7251
31 15 28 0.7250
30 15 25 0.7250
38 16 29 0.7250
24 10 16 0.7250
26 9 22 0.7248
17 1 10 0.7246
43 17 40 0.7246
32 16 23 0.7246
33 5 30 0.7246
5 0 0 0.7245
35 16 28 0.7247
5 0 3 0.7247
31 16 25 0.7247
0 0 0 0.7247
35 6 35 0.7249
26 11 22 0.7248
23 9 23 0.7250
8 1 1 0.7251
40 16 38 0.7252
33 5 33 0.7253
39 16 35 0.7253
41 16 36 0.7252
3 0 0 0.7255
30 10 25 0.7256
27 9 22 0.7255
23 14 23 0.7255
16 4 12 0.7256
24 9 20 0.7258
34 15 34 0.7258
36 5 29 0.7259
57 14 33 0.7259
28 12 24 0.7256
0 0 0 0.7254
31 16 27 0.7253
20 5 16 0.7252
10 4 6 0.7250
31 15 26 0.7251
10 3 6 0.7252
22 4 21 0.7251
38 16 33 0.7249
22 8 15 0.7250
27 12 23 0.7249
32 16 26 0.7248
24 8 22 0.7248
26 14 23 0.7247
16 8 8 0.7246
31 14 26 0.7247
62 16 29 0.7247
30 15 24 0.7246
14 4 8 0.7245
21 3 15 0.7246
23 8 16 0.7245
18 9 16 0.7247
35 11 29 0.7247
17 6 13 0.7246
28 11 24 0.7246
15 4 15 0.7246
40 17 40 0.7246
10 2 8 0.7244
30 14 25 0.7245
15 6 11 0.7245
28 15 25 0.7245
22 7 16 0.7244
31 11 26 0.7244
22 10 18 0.7245
27 8 23 0.7246
40 16 34 0.7245
28 11 26 0.7246
17 7 13 0.7245
18 3 14 0.7245
3 0 0 0.7247
23 11 18 0.7247
30 9 23 0.7248
30 9 20 0.7249
43 18 41 0.7251
34 13 27 0.7252
0 0 0 0.7255
12 1 5 0.7255
39 15 39 0.7254
36 12 36 0.7256
0.7258   
