4 3 0 0.0591
4 3 0 0.0296
4 3 0 0.0197
4 3 0 0.0148
4 3 0 0.0118
4 3 0 0.0099
4 3 0 0.0084
4 3 0 0.0074
4 3 0 0.0066
4 3 0 0.0059
4 3 0 0.0054
4 3 0 0.0049
4 3 0 0.0045
4 3 0 0.0042
4 3 0 0.0039
4 3 0 0.0037
4 3 0 0.0035
4 3 0 0.0033
4 3 0 0.0031
4 3 0 0.0030
4 3 0 0.0028
4 3 0 0.0027
4 3 0 0.0026
4 3 0 0.0025
4 3 0 0.0024
4 3 0 0.0023
4 3 0 0.0022
4 3 0 0.0021
4 3 0 0.0020
4 3 0 0.0020
4 3 0 0.0019
4 3 0 0.0018
4 3 0 0.0018
4 3 0 0.0017
4 3 0 0.0017
4 3 0 0.0016
4 3 0 0.0016
4 3 0 0.0016
4 3 0 0.0015
4 3 0 0.0015
4 3 0 0.0014
4 3 0 0.0014
4 3 0 0.0014
4 3 0 0.0013
4 3 0 0.0013
4 3 0 0.0013
4 3 0 0.0013
4 3 0 0.0012
4 3 0 0.0012
4 3 0 0.0012
4 3 0 0.0012
4 3 0 0.0011
4 3 0 0.0011
4 3 0 0.0011
4 3 0 0.0011
4 3 0 0.0011
4 3 0 0.0010
4 3 0 0.0010
4 3 0 0.0010
4 3 0 0.0010
4 3 0 0.0010
4 3 0 0.0010
4 3 0 0.0009
4 3 0 0.0009
4 3 0 0.0009
4 3 0 0.0009
4 3 0 0.0009
4 3 0 0.0009
4 3 0 0.0009
4 3 0 0.0008
4 3 0 0.0008
4 3 0 0.0008
4 3 0 0.0008
4 3 0 0.0008
4 3 0 0.0008
4 3 0 0.0008
4 3 0 0.0008
4 3 0 0.0008
4 3 0 0.0007
4 3 0 0.0007
4 3 0 0.0007
4 3 0 0.0007
4 3 0 0.0007
4 3 0 0.0007
4 3 0 0.0007
4 0 0 0.0023
4 0 0 0.0022
4 0 0 0.0022
4 0 0 0.0022
4 0 0 0.0022
4 0 0 0.0021
4 0 0 0.0021
4 0 0 0.0021
4 0 0 0.0021
4 0 0 0.0021
4 0 0 0.0020
4 0 0 0.0020
4 0 0 0.0020
4 0 0 0.0020
4 0 0 0.0020
4 0 0 0.0019
4 0 0 0.0019
4 0 0 0.0019
4 0 0 0.0019
4 0 0 0.0019
4 0 0 0.0018
4 0 0 0.0018
4 0 0 0.0018
4 0 0 0.0018
4 0 0 0.0018
4 0 0 0.0018
4 0 0 0.0017
4 0 0 0.0017
4 0 0 0.0017
4 0 0 0.0017
4 0 0 0.0017
4 0 0 0.0017
4 0 0 0.0017
4 0 0 0.0016
4 0 0 0.0016
4 0 0 0.0016
4 0 0 0.0016
4 0 0 0.0016
4 0 0 0.0016
4 0 0 0.0016
4 0 0 0.0016
4 0 0 0.0015
4 0 0 0.0015
4 0 0 0.0015
4 0 0 0.0015
4 0 0 0.0015
4 0 0 0.0015
4 0 0 0.0015
4 0 0 0.0015
4 0 0 0.0014
4 0 0 0.0014
4 0 0 0.0014
4 0 0 0.0014
4 0 0 0.0014
4 0 0 0.0014
4 0 0 0.0014
4 0 0 0.0014
4 0 0 0.0014
4 0 0 0.0014
4 0 0 0.0013
4 0 0 0.0013
4 0 0 0.0013
4 0 0 0.0013
4 0 0 0.0013
4 0 0 0.0013
4 0 0 0.0013
4 0 0 0.0013
4 0 0 0.0013
4 0 0 0.0013
4 0 0 0.0013
4 0 0 0.0013
4 0 0 0.0012
4 0 0 0.0012
4 0 0 0.0012
4 0 0 0.0012
4 0 0 0.0012
4 0 0 0.0012
4 0 0 0.0012
4 0 0 0.0012
4 0 0 0.0012
4 0 0 0.0012
4 0 0 0.0012
4 0 0 0.0012
4 0 0 0.0012
4 0 0 0.0012
4 0 0 0.0011
4 0 0 0.0011
4 0 0 0.0011
4 0 0 0.0011
4 0 0 0.0011
4 0 0 0.0011
4 0 0 0.0011
4 0 0 0.0011
4 0 0 0.0011
4 0 0 0.0011
4 0 0 0.0011
4 0 0 0.0011
4 0 0 0.0011
4 0 0 0.0011
4 0 0 0.0011
4 0 0 0.0011
4 0 0 0.0010
4 0 0 0.0010
4 0 0 0.0010
4 0 0 0.0010
4 0 0 0.0010
4 0 0 0.0010
4 0 0 0.0010
4 0 0 0.0010
4 0 0 0.0010
4 0 0 0.0010
4 0 0 0.0010
4 0 0 0.0010
4 0 0 0.0010
4 0 0 0.0010
4 0 0 0.0010
4 0 0 0.0010
4 0 0 0.0010
4 0 0 0.0010
4 0 0 0.0010
4 0 0 0.0009
4 0 0 0.0009
4 0 0 0.0009
4 0 0 0.0009
4 0 0 0.0009
4 0 0 0.0009
4 0 0 0.0009
4 0 0 0.0009
4 0 0 0.0009
4 0 0 0.0009
4 0 0 0.0009
4 0 0 0.0009
4 0 0 0.0009
4 0 0 0.0009
4 0 0 0.0009
4 0 0 0.0009
4 0 0 0.0009
4 0 0 0.0009
4 0 0 0.0009
4 0 0 0.0009
4 0 0 0.0009
4 0 0 0.0009
4 0 0 0.0009
4 0 0 0.0009
4 0 0 0.0009
4 0 0 0.0008
4 0 0 0.0008
4 0 0 0.0008
4 0 0 0.0008
4 0 0 0.0008
4 0 0 0.0008
4 0 0 0.0008
4 0 0 0.0008
4 0 0 0.0008
4 0 0 0.0008
4 0 0 0.0008
4 0 0 0.0008
4 0 0 0.0008
4 0 0 0.0008
4 0 0 0.0008
4 0 0 0.0008
4 0 0 0.0008
4 0 0 0.0008
4 0 0 0.0008
4 0 0 0.0008
4 0 0 0.0008
4 0 0 0.0008
4 0 0 0.0008
4 0 0 0.0008
4 0 0 0.0008
4 0 0 0.0008
4 0 0 0.0008
4 0 0 0.0008
4 0 0 0.0008
4 0 0 0.0008
4 0 0 0.0007
4 0 0 0.0007
4 0 0 0.0007
4 0 0 0.0007
4 0 0 0.0007
4 0 0 0.0007
4 0 0 0.0007
4 0 0 0.0007
4 0 0 0.0007
4 0 0 0.0007
4 0 0 0.0007
4 0 0 0.0007
4 0 0 0.0007
4 0 0 0.0007
4 0 0 0.0007
4 0 0 0.0007
4 0 0 0.0007
4 0 0 0.0007
4 0 0 0.0007
4 0 0 0.0007
4 0 0 0.0007
4 0 0 0.0007
4 0 0 0.0007
4 0 0 0.0007
4 0 0 0.0007
4 0 0 0.0007
4 0 0 0.0007
4 0 0 0.0007
4 0 0 0.0007
4 0 0 0.0007
4 0 0 0.0007
4 0 0 0.0007
4 0 0 0.0007
4 0 0 0.0007
4 0 0 0.0007
4 0 0 0.0007
4 0 0 0.0007
4 0 0 0.0007
4 0 0 0.0007
4 0 0 0.0007
4 0 0 0.0006
4 0 0 0.0006
4 0 0 0.0006
4 0 0 0.0006
4 0 0 0.0006
4 0 0 0.0006
4 0 0 0.0006
4 0 0 0.0006
4 0 0 0.0006
4 0 0 0.0006
4 0 0 0.0006
4 0 0 0.0006
4 0 0 0.0006
4 0 0 0.0006
4 0 0 0.0006
4 0 0 0.0006
4 0 0 0.0006
4 0 0 0.0006
4 0 0 0.0006
4 0 0 0.0006
4 0 0 0.0006
4 0 0 0.0006
4 0 0 0.0006
4 0 0 0.0006
4 0 0 0.0006
4 0 0 0.0006
4 0 0 0.0006
4 0 0 0.0006
4 0 0 0.0006
4 0 0 0.0006
4 0 0 0.0006
4 0 0 0.0006
4 0 0 0.0006
4 0 0 0.0006
4 0 0 0.0006
4 0 0 0.0006
4 0 0 0.0006
4 0 0 0.0006
4 0 0 0.0006
4 0 0 0.0006
4 0 0 0.0006
4 0 0 0.0006
4 0 0 0.0006
4 0 0 0.0006
4 0 0 0.0006
4 0 0 0.0006
4 0 0 0.0006
4 0 0 0.0006
4 0 0 0.0006
4 0 0 0.0006
4 0 0 0.0006
4 0 0 0.0006
4 0 0 0.0006
4 0 0 0.0006
4 0 0 0.0006
4 0 0 0.0005
4 0 0 0.0005
4 0 0 0.0005
4 0 0 0.0005
4 0 0 0.0005
4 0 0 0.0005
4 0 0 0.0005
4 0 0 0.0005
4 0 0 0.0005
4 0 0 0.0005
4 0 0 0.0005
4 0 0 0.0005
4 0 0 0.0005
4 0 0 0.0005
4 0 0 0.0005
4 0 0 0.0005
4 0 0 0.0005
4 0 0 0.0005
4 0 0 0.0005
4 0 0 0.0005
4 0 0 0.0005
4 0 0 0.0005
4 0 0 0.0005
4 0 0 0.0005
4 0 0 0.0005
4 0 0 0.0005
4 0 0 0.0005
4 0 0 0.0005
4 0 0 0.0005
4 0 0 0.0005
4 0 0 0.0005
4 0 0 0.0005
4 0 0 0.0005
4 0 0 0.0005
4 0 0 0.0005
4 0 0 0.0005
4 0 0 0.0005
4 0 0 0.0005
4 0 0 0.0005
4 0 0 0.0005
4 0 0 0.0005
4 0 0 0.0005
4 0 0 0.0005
4 0 0 0.0005
4 0 0 0.0005
4 0 0 0.0005
4 0 0 0.0005
4 0 0 0.0005
4 0 0 0.0005
4 0 0 0.0005
4 0 0 0.0005
4 0 0 0.0005
4 0 0 0.0005
4 0 0 0.0005
4 0 0 0.0005
4 0 0 0.0005
4 0 0 0.0005
4 0 0 0.0005
4 0 0 0.0005
4 0 0 0.0005
4 0 0 0.0005
4 0 0 0.0005
4 0 0 0.0005
4 0 0 0.0005
4 0 0 0.0005
4 0 0 0.0005
4 0 0 0.0005
4 0 0 0.0005
4 0 0 0.0005
4 0 0 0.0005
4 0 0 0.0005
4 0 0 0.0005
4 0 0 0.0005
4 0 0 0.0005
4 0 0 0.0005
4 0 0 0.0005
4 0 0 0.0005
4 0 0 0.0005
4 0 0 0.0005
4 0 0 0.0004
4 0 0 0.0004
4 0 0 0.0004
4 0 0 0.0004
4 0 0 0.0004
4 0 0 0.0004
4 0 0 0.0004
4 0 0 0.0004
4 0 0 0.0004
4 0 0 0.0004
4 0 0 0.0004
4 0 0 0.0004
4 0 0 0.0004
4 0 0 0.0004
4 0 0 0.0004
4 0 0 0.0004
4 0 0 0.0004
4 0 0 0.0004
4 0 0 0.0004
4 0 0 0.0004
4 0 0 0.0004
4 0 0 0.0004
4 0 0 0.0004
4 0 0 0.0004
4 0 0 0.0004
4 0 0 0.0004
4 0 0 0.0004
4 0 0 0.0004
4 0 0 0.0004
4 0 0 0.0004
4 0 0 0.0004
4 0 0 0.0004
4 0 0 0.0004
4 0 0 0.0004
4 0 0 0.0004
4 0 0 0.0004
4 0 0 0.0004
4 0 0 0.0004
4 0 0 0.0004
4 0 0 0.0004
4 0 0 0.0004
4 0 0 0.0004
4 0 0 0.0004
4 0 0 0.0004
4 0 0 0.0004
4 0 0 0.0004
4 0 0 0.0004
4 0 0 0.0004
4 0 0 0.0004
4 0 0 0.0004
4 0 0 0.0004
4 0 0 0.0004
4 0 0 0.0004
4 0 0 0.0004
4 0 0 0.0004
4 0 0 0.0004
4 0 0 0.0004
43 16 43 0.0005
26 8 20 0.0018
4 4 0 0.0024
4 4 0 0.0024
4 4 0 0.0024
4 4 0 0.0024
4 4 0 0.0024
4 4 0 0.0024
4 4 0 0.0023
4 4 0 0.0023
4 4 0 0.0023
4 4 0 0.0023
4 4 0 0.0023
4 4 0 0.0023
4 4 0 0.0023
4 4 0 0.0023
4 4 0 0.0023
4 4 0 0.0023
4 4 0 0.0023
4 4 0 0.0023
4 4 0 0.0023
4 4 0 0.0023
4 4 0 0.0023
4 4 0 0.0023
4 4 0 0.0023
4 4 0 0.0023
4 4 0 0.0023
4 4 0 0.0023
4 4 0 0.0023
4 4 0 0.0023
4 4 0 0.0023
4 4 0 0.0022
4 4 0 0.0022
4 4 0 0.0022
4 4 0 0.0022
4 4 0 0.0022
4 4 0 0.0022
4 4 0 0.0022
4 4 0 0.0022
4 4 0 0.0022
4 4 0 0.0022
4 4 0 0.0022
4 4 0 0.0022
4 4 0 0.0022
4 4 0 0.0022
4 4 0 0.0022
4 4 0 0.0022
4 4 0 0.0022
4 4 0 0.0022
4 4 0 0.0022
4 4 0 0.0022
4 4 0 0.0022
4 4 0 0.0022
4 4 0 0.0022
4 4 0 0.0022
4 4 0 0.0021
4 4 0 0.0021
4 4 0 0.0021
4 4 0 0.0021
4 4 0 0.0021
4 4 0 0.0021
4 4 0 0.0021
4 4 0 0.0021
4 4 0 0.0021
4 4 0 0.0021
4 4 0 0.0021
4 4 0 0.0021
4 4 0 0.0021
4 4 0 0.0021
4 4 0 0.0021
4 4 0 0.0021
4 4 0 0.0021
4 4 0 0.0021
4 4 0 0.0021
4 4 0 0.0021
4 4 0 0.0021
4 4 0 0.0021
4 4 0 0.0021
4 4 0 0.0021
4 4 0 0.0021
4 4 0 0.0021
4 4 0 0.0021
4 4 0 0.0020
4 4 0 0.0020
4 4 0 0.0020
4 4 0 0.0020
4 4 0 0.0020
4 4 0 0.0020
4 4 0 0.0020
4 4 0 0.0020
4 4 0 0.0020
4 4 0 0.0020
4 4 0 0.0020
4 4 0 0.0020
4 4 0 0.0020
4 4 0 0.0020
4 4 0 0.0020
4 4 0 0.0020
4 4 0 0.0020
4 4 0 0.0020
4 4 0 0.0020
4 4 0 0.0020
4 4 0 0.0020
4 4 0 0.0020
4 4 0 0.0020
4 4 0 0.0020
4 4 0 0.0020
4 4 0 0.0020
4 4 0 0.0020
4 4 0 0.0020
4 4 0 0.0020
4 4 0 0.0019
4 4 0 0.0019
4 4 0 0.0019
4 4 0 0.0019
4 4 0 0.0019
4 4 0 0.0019
4 4 0 0.0019
4 4 0 0.0019
4 4 0 0.0019
4 4 0 0.0019
4 4 0 0.0019
4 4 0 0.0019
4 4 0 0.0019
4 4 0 0.0019
4 4 0 0.0019
4 4 0 0.0019
4 4 0 0.0019
4 4 0 0.0019
4 4 0 0.0019
4 4 0 0.0019
4 4 0 0.0019
4 4 0 0.0019
4 4 0 0.0019
4 4 0 0.0019
4 4 0 0.0019
4 4 0 0.0019
4 4 0 0.0019
4 4 0 0.0019
4 4 0 0.0019
4 4 0 0.0019
4 4 0 0.0019
4 4 0 0.0019
4 4 0 0.0019
4 4 0 0.0018
4 4 0 0.0018
4 4 0 0.0018
4 4 0 0.0018
4 4 0 0.0018
4 4 0 0.0018
4 4 0 0.0018
4 4 0 0.0018
4 4 0 0.0018
4 4 0 0.0018
4 4 0 0.0018
4 4 0 0.0018
4 4 0 0.0018
4 4 0 0.0018
4 4 0 0.0018
4 4 0 0.0018
4 4 0 0.0018
4 4 0 0.0018
4 4 0 0.0018
4 4 0 0.0018
4 4 0 0.0018
4 4 0 0.0018
4 4 0 0.0018
4 4 0 0.0018
4 4 0 0.0018
4 4 0 0.0018
4 4 0 0.0018
4 4 0 0.0018
4 4 0 0.0018
4 4 0 0.0018
4 4 0 0.0018
4 4 0 0.0018
4 4 0 0.0018
4 4 0 0.0018
4 4 0 0.0018
4 4 0 0.0018
4 4 0 0.0017
4 4 0 0.0017
4 4 0 0.0017
4 4 0 0.0017
4 4 0 0.0017
4 4 0 0.0017
4 4 0 0.0017
4 4 0 0.0017
4 4 0 0.0017
4 4 0 0.0017
4 4 0 0.0017
4 4 0 0.0017
4 4 0 0.0017
4 4 0 0.0017
4 4 0 0.0017
4 4 0 0.0017
4 4 0 0.0017
4 4 0 0.0017
4 4 0 0.0017
4 4 0 0.0017
4 4 0 0.0017
4 4 0 0.0017
4 4 0 0.0017
4 4 0 0.0017
4 4 0 0.0017
4 4 0 0.0017
4 4 0 0.0017
4 4 0 0.0017
4 4 0 0.0017
4 4 0 0.0017
4 4 0 0.0017
4 4 0 0.0017
4 4 0 0.0017
4 4 0 0.0017
4 4 0 0.0017
4 4 0 0.0017
4 4 0 0.0017
4 4 0 0.0017
4 4 0 0.0017
4 4 0 0.0017
4 4 0 0.0017
4 4 0 0.0016
4 4 0 0.0016
4 4 0 0.0016
4 4 0 0.0016
4 4 0 0.0016
4 4 0 0.0016
4 4 0 0.0016
4 4 0 0.0016
4 4 0 0.0016
4 4 0 0.0016
4 4 0 0.0016
4 4 0 0.0016
4 4 0 0.0016
4 4 0 0.0016
4 4 0 0.0016
4 4 0 0.0016
4 4 0 0.0016
4 4 0 0.0016
4 4 0 0.0016
4 4 0 0.0016
4 4 0 0.0016
4 4 0 0.0016
4 4 0 0.0016
4 4 0 0.0016
4 4 0 0.0016
4 4 0 0.0016
4 4 0 0.0016
4 4 0 0.0016
4 4 0 0.0016
4 4 0 0.0016
4 4 0 0.0016
4 4 0 0.0016
4 4 0 0.0016
4 4 0 0.0016
4 4 0 0.0016
4 4 0 0.0016
4 4 0 0.0016
4 4 0 0.0016
4 4 0 0.0016
4 4 0 0.0016
4 4 0 0.0016
4 4 0 0.0016
4 4 0 0.0016
4 4 0 0.0016
4 4 0 0.0016
4 4 0 0.0015
4 4 0 0.0015
4 4 0 0.0015
4 4 0 0.0015
4 4 0 0.0015
4 4 0 0.0015
4 4 0 0.0015
4 4 0 0.0015
4 4 0 0.0015
4 4 0 0.0015
4 4 0 0.0015
4 4 0 0.0015
4 4 0 0.0015
4 4 0 0.0015
4 4 0 0.0015
4 4 0 0.0015
4 4 0 0.0015
4 4 0 0.0015
4 4 0 0.0015
4 4 0 0.0015
4 4 0 0.0015
4 4 0 0.0015
4 4 0 0.0015
4 4 0 0.0015
4 4 0 0.0015
4 4 0 0.0015
4 4 0 0.0015
4 4 0 0.0015
4 4 0 0.0015
4 4 0 0.0015
4 4 0 0.0015
4 4 0 0.0015
4 4 0 0.0015
4 4 0 0.0015
4 4 0 0.0015
4 4 0 0.0015
4 4 0 0.0015
4 4 0 0.0015
4 4 0 0.0015
4 4 0 0.0015
4 4 0 0.0015
4 4 0 0.0015
4 4 0 0.0015
4 4 0 0.0015
4 4 0 0.0015
4 4 0 0.0015
4 4 0 0.0015
4 4 0 0.0015
4 4 0 0.0015
4 4 0 0.0015
4 4 0 0.0015
4 4 0 0.0015
4 4 0 0.0015
4 4 0 0.0014
4 4 0 0.0014
4 4 0 0.0014
4 4 0 0.0014
4 4 0 0.0014
4 4 0 0.0014
4 4 0 0.0014
4 4 0 0.0014
4 4 0 0.0014
4 4 0 0.0014
4 4 0 0.0014
4 4 0 0.0014
4 4 0 0.0014
4 4 0 0.0014
4 4 0 0.0014
4 4 0 0.0014
4 4 0 0.0014
4 4 0 0.0014
4 4 0 0.0014
4 4 0 0.0014
4 4 0 0.0014
4 4 0 0.0014
4 4 0 0.0014
4 4 0 0.0014
4 4 0 0.0014
4 4 0 0.0014
4 4 0 0.0014
4 4 0 0.0014
4 4 0 0.0014
4 4 0 0.0014
4 4 0 0.0014
4 4 0 0.0014
4 4 0 0.0014
4 4 0 0.0014
4 4 0 0.0014
4 4 0 0.0014
4 4 0 0.0014
4 4 0 0.0014
4 4 0 0.0014
4 4 0 0.0014
4 4 0 0.0014
4 4 0 0.0014
4 4 0 0.0014
4 4 0 0.0014
4 4 0 0.0014
4 4 0 0.0014
4 4 0 0.0014
4 4 0 0.0014
4 4 0 0.0014
4 4 0 0.0014
4 4 0 0.0014
4 4 0 0.0014
4 4 0 0.0014
4 4 0 0.0014
4 4 0 0.0014
4 4 0 0.0014
4 4 0 0.0014
4 4 0 0.0014
4 4 0 0.0014
4 4 0 0.0014
4 4 0 0.0013
4 4 0 0.0013
4 4 0 0.0013
4 4 0 0.0013
4 4 0 0.0013
4 4 0 0.0013
4 4 0 0.0013
4 4 0 0.0013
4 4 0 0.0013
4 4 0 0.0013
4 4 0 0.0013
4 4 0 0.0013
4 4 0 0.0013
4 4 0 0.0013
4 4 0 0.0013
4 4 0 0.0013
4 4 0 0.0013
4 4 0 0.0013
4 4 0 0.0013
4 4 0 0.0013
4 4 0 0.0013
4 4 0 0.0013
4 4 0 0.0013
4 4 0 0.0013
4 4 0 0.0013
4 4 0 0.0013
4 4 0 0.0013
4 4 0 0.0013
4 4 0 0.0013
4 4 0 0.0013
4 4 0 0.0013
4 4 0 0.0013
4 4 0 0.0013
4 4 0 0.0013
4 4 0 0.0013
4 4 0 0.0013
4 4 0 0.0013
4 4 0 0.0013
4 4 0 0.0013
4 4 0 0.0013
4 4 0 0.0013
4 4 0 0.0013
4 4 0 0.0013
4 4 0 0.0013
4 4 0 0.0013
4 4 0 0.0013
4 4 0 0.0013
4 4 0 0.0013
4 4 0 0.0013
4 4 0 0.0013
4 4 0 0.0013
4 4 0 0.0013
4 4 0 0.0013
4 4 0 0.0013
4 4 0 0.0013
4 4 0 0.0013
4 4 0 0.0013
4 4 0 0.0013
4 4 0 0.0013
4 4 0 0.0013
4 4 0 0.0013
4 4 0 0.0013
4 4 0 0.0013
4 4 0 0.0013
4 4 0 0.0013
4 4 0 0.0013
4 4 0 0.0013
4 4 0 0.0013
4 4 0 0.0013
4 4 0 0.0012
4 4 0 0.0012
4 4 0 0.0012
4 4 0 0.0012
4 4 0 0.0012
4 4 0 0.0012
4 4 0 0.0012
4 4 0 0.0012
4 4 0 0.0012
4 4 0 0.0012
4 4 0 0.0012
4 4 0 0.0012
4 4 0 0.0012
4 4 0 0.0012
4 4 0 0.0012
4 4 0 0.0012
4 4 0 0.0012
4 4 0 0.0012
4 4 0 0.0012
4 4 0 0.0012
4 4 0 0.0012
4 4 0 0.0012
4 4 0 0.0012
4 4 0 0.0012
4 4 0 0.0012
4 4 0 0.0012
4 4 0 0.0012
4 4 0 0.0012
4 4 0 0.0012
4 4 0 0.0012
4 4 0 0.0012
4 4 0 0.0012
4 4 0 0.0012
4 4 0 0.0012
4 4 0 0.0012
4 4 0 0.0012
4 4 0 0.0012
4 4 0 0.0012
4 4 0 0.0012
4 4 0 0.0012
4 4 0 0.0012
4 4 0 0.0012
4 4 0 0.0012
4 4 0 0.0012
4 4 0 0.0012
4 4 0 0.0012
4 4 0 0.0012
4 4 0 0.0012
4 4 0 0.0012
4 4 0 0.0012
4 4 0 0.0012
4 4 0 0.0012
4 4 0 0.0012
4 4 0 0.0012
4 4 0 0.0012
4 4 0 0.0012
4 4 0 0.0012
4 4 0 0.0012
4 4 0 0.0012
4 4 0 0.0012
4 4 0 0.0012
4 4 0 0.0012
4 4 0 0.0012
4 4 0 0.0012
4 4 0 0.0012
4 4 0 0.0012
4 4 0 0.0012
4 4 0 0.0012
4 4 0 0.0012
4 4 0 0.0012
4 4 0 0.0012
4 4 0 0.0012
4 4 0 0.0012
4 4 0 0.0012
4 4 0 0.0012
4 4 0 0.0012
4 4 0 0.0012
4 4 0 0.0012
4 4 0 0.0012
4 4 0 0.0012
4 4 0 0.0012
4 4 0 0.0012
4 4 0 0.0011
4 4 0 0.0011
4 4 0 0.0011
4 4 0 0.0011
4 4 0 0.0011
4 4 0 0.0011
4 4 0 0.0011
4 4 0 0.0011
4 4 0 0.0011
4 4 0 0.0011
4 4 0 0.0011
4 4 0 0.0011
4 4 0 0.0011
4 4 0 0.0011
4 4 0 0.0011
4 4 0 0.0011
4 4 0 0.0011
4 4 0 0.0011
4 4 0 0.0011
4 4 0 0.0011
4 4 0 0.0011
4 4 0 0.0011
4 4 0 0.0011
4 4 0 0.0011
4 4 0 0.0011
4 4 0 0.0011
4 4 0 0.0011
4 4 0 0.0011
4 4 0 0.0011
4 4 0 0.0011
4 4 0 0.0011
4 4 0 0.0011
4 4 0 0.0011
4 4 0 0.0011
4 4 0 0.0011
4 4 0 0.0011
4 4 0 0.0011
4 4 0 0.0011
4 4 0 0.0011
4 4 0 0.0011
4 4 0 0.0011
4 4 0 0.0011
4 4 0 0.0011
4 4 0 0.0011
4 4 0 0.0011
4 4 0 0.0011
4 4 0 0.0011
4 4 0 0.0011
4 4 0 0.0011
4 4 0 0.0011
4 4 0 0.0011
4 4 0 0.0011
4 4 0 0.0011
4 4 0 0.0011
4 4 0 0.0011
4 4 0 0.0011
4 4 0 0.0011
4 4 0 0.0011
4 4 0 0.0011
4 4 0 0.0011
4 4 0 0.0011
30 10 27 0.0015
23 6 21 0.0022
45 16 45 0.0029
33 15 29 0.0035
24 8 20 0.0041
22 2 19 0.0048
27 11 24 0.0054
24 10 20 0.0060
31 15 27 0.0067
25 10 20 0.0073
21 1 17 0.0079
29 15 25 0.0085
19 7 15 0.0092
39 13 34 0.0098
23 4 22 0.0104
37 13 29 0.0110
23 9 19 0.0116
29 3 24 0.0123
28 3 28 0.0129
29 8 23 0.0135
31 13 24 0.0141
45 18 40 0.0147
0 0 0 0.0154
39 13 35 0.0160
30 14 23 0.0166
27 4 23 0.0172
35 16 31 0.0178
16 4 5 0.0184
30 15 26 0.0190
36 16 28 0.0196
19 7 18 0.0202
25 8 21 0.0208
12 7 12 0.0214
34 11 27 0.0220
26 12 24 0.0226
21 9 16 0.0232
21 8 15 0.0238
34 10 29 0.0244
35 11 31 0.0250
26 8 22 0.0256
28 9 25 0.0262
32 16 24 0.0268
25 12 15 0.0274
14 4 8 0.0280
28 10 26 0.0286
31 13 28 0.0292
22 8 16 0.0298
33 3 31 0.0304
34 15 30 0.0310
20 8 20 0.0315
24 10 19 0.0321
20 8 16 0.0327
25 8 19 0.0333
29 11 21 0.0339
27 11 8 0.0344
30 14 25 0.0350
23 8 23 0.0356
12 5 8 0.0362
17 7 13 0.0368
29 8 27 0.0373
3 2 3 0.0379
27 11 23 0.0385
35 14 31 0.0390
16 7 16 0.0396
32 13 28 0.0402
20 8 14 0.0408
22 8 18 0.0413
35 13 31 0.0419
16 4 12 0.0425
12 8 8 0.0430
27 8 22 0.0436
22 8 21 0.0442
22 10 18 0.0447
27 10 21 0.0453
31 16 27 0.0458
23 11 16 0.0464
22 10 16 0.0470
21 4 18 0.0475
32 6 28 0.0481
31 11 24 0.0486
23 9 21 0.0492
32 9 24 0.0498
32 5 31 0.0503
41 16 41 0.0509
19 1 16 0.0514
10 3 6 0.0520
22 5 22 0.0525
17 4 17 0.0531
27 15 23 0.0536
20 8 16 0.0541
29 10 27 0.0547
22 13 22 0.0552
32 12 29 0.0558
14 6 9 0.0563
0 0 0 0.0569
28 14 23 0.0574
28 9 20 0.0579
27 14 23 0.0585
27 13 21 0.0590
19 4 14 0.0595
25 11 18 0.0601
29 5 28 0.0606
24 4 20 0.0611
20 8 16 0.0617
23 8 16 0.0622
16 5 10 0.0627
12 8 8 0.0633
13 3 12 0.0638
29 2 27 0.0643
26 9 21 0.0649
38 22 25 0.0654
22 4 21 0.0659
29 12 26 0.0665
29 9 20 0.0670
19 9 14 0.0675
20 9 18 0.0680
33 7 33 0.0686
44 16 44 0.0691
42 18 42 0.0696
0 0 0 0.0701
31 8 28 0.0706
33 12 31 0.0712
32 5 28 0.0717
15 9 15 0.0722
36 6 33 0.0727
29 9 25 0.0732
13 7 9 0.0737
26 6 24 0.0743
26 6 21 0.0748
41 16 35 0.0753
38 7 35 0.0758
29 15 29 0.0763
29 15 21 0.0768
26 11 23 0.0773
3 2 2 0.0778
41 15 39 0.0783
30 11 24 0.0788
26 12 24 0.0793
35 6 32 0.0798
21 8 17 0.0803
23 11 17 0.0808
31 12 23 0.0814
37 15 33 0.0819
22 10 20 0.0824
27 11 23 0.0829
30 12 28 0.0834
23 10 19 0.0839
30 11 25 0.0844
37 11 35 0.0849
22 3 21 0.0853
25 10 18 0.0858
10 7 7 0.0863
24 9 20 0.0868
28 10 26 0.0873
28 11 26 0.0878
39 16 39 0.0883
27 9 22 0.0888
26 13 22 0.0893
30 12 30 0.0898
26 2 22 0.0903
39 15 33 0.0908
24 8 20 0.0912
38 15 34 0.0917
3 2 0 0.0922
29 8 24 0.0927
25 12 15 0.0932
44 16 42 0.0937
28 8 21 0.0941
27 12 21 0.0946
35 14 33 0.0951
29 13 23 0.0956
25 9 20 0.0961
36 16 32 0.0965
25 9 25 0.0970
25 10 22 0.0975
19 8 15 0.0980
4 3 0 0.0984
26 9 22 0.0989
32 15 27 0.0994
38 14 34 0.0999
32 12 27 0.1003
25 7 25 0.1008
18 6 15 0.1013
39 13 32 0.1018
12 8 8 0.1022
26 16 21 0.1027
25 12 24 0.1032
26 11 22 0.1036
21 9 21 0.1041
32 11 27 0.1046
18 7 14 0.1050
30 10 23 0.1055
36 16 32 0.1059
0 0 0 0.1064
26 17 23 0.1069
23 5 19 0.1073
39 17 32 0.1078
11 2 11 0.1082
30 11 23 0.1087
22 8 19 0.1092
30 3 25 0.1096
29 7 29 0.1101
30 9 25 0.1105
19 8 14 0.1110
22 8 11 0.1114
20 6 16 0.1119
29 12 25 0.1123
22 9 22 0.1128
13 7 9 0.1132
0 0 0 0.1137
23 9 22 0.1141
15 7 15 0.1146
6 5 6 0.1150
15 4 11 0.1155
19 8 19 0.1159
13 5 9 0.1164
27 14 20 0.1168
15 8 11 0.1173
25 15 22 0.1177
22 8 14 0.1181
8 5 4 0.1186
30 14 26 0.1190
35 17 31 0.1195
35 16 32 0.1199
30 12 25 0.1204
18 4 14 0.1208
19 7 15 0.1213
20 7 15 0.1217
21 9 17 0.1221
8 3 7 0.1226
34 15 27 0.1230
19 4 19 0.1235
27 4 27 0.1239
24 8 21 0.1243
17 8 13 0.1248
14 4 9 0.1252
25 12 20 0.1256
3 0 0 0.1261
37 15 37 0.1265
26 7 24 0.1269
26 4 25 0.1273
27 9 21 0.1278
20 8 18 0.1282
39 15 15 0.1286
31 15 25 0.1291
24 8 20 0.1295
16 8 12 0.1299
8 6 4 0.1303
12 3 12 0.1308
31 15 21 0.1312
21 10 17 0.1316
30 15 26 0.1320
30 4 25 0.1325
30 4 28 0.1329
9 3 5 0.1333
25 10 22 0.1337
28 10 24 0.1341
33 20 30 0.1346
16 4 14 0.1350
29 12 25 0.1354
34 16 32 0.1358
41 16 33 0.1362
20 7 18 0.1367
32 14 24 0.1371
21 8 18 0.1375
22 4 18 0.1379
29 9 23 0.1383
24 8 20 0.1387
34 10 31 0.1391
27 10 23 0.1395
18 3 13 0.1400
26 4 22 0.1404
21 4 17 0.1408
21 8 11 0.1412
29 9 28 0.1416
3 0 0 0.1420
8 2 4 0.1424
23 9 19 0.1428
26 4 24 0.1432
23 4 19 0.1436
33 13 27 0.1440
18 1 11 0.1444
23 8 21 0.1448
29 11 27 0.1452
27 17 23 0.1456
18 6 14 0.1461
23 9 15 0.1465
15 4 12 0.1469
19 6 15 0.1473
27 8 23 0.1477
25 10 21 0.1481
13 2 5 0.1485
3 0 0 0.1488
45 12 26 0.1492
12 5 4 0.1496
20 12 19 0.1500
8 3 4 0.1504
4 3 0 0.1508
38 14 34 0.1512
18 8 13 0.1516
18 7 18 0.1520
8 1 2 0.1524
0 0 0 0.1528
21 8 14 0.1532
15 8 11 0.1535
20 8 19 0.1539
21 8 17 0.1543
22 8 18 0.1547
21 9 16 0.1551
28 3 27 0.1555
40 16 37 0.1559
26 4 22 0.1563
34 12 30 0.1566
28 18 11 0.1570
21 8 17 0.1574
37 16 32 0.1578
29 15 23 0.1582
24 9 17 0.1586
27 8 23 0.1589
19 8 19 0.1593
30 9 30 0.1597
37 13 30 0.1601
34 13 27 0.1605
10 6 6 0.1608
30 8 25 0.1612
25 12 21 0.1616
34 15 20 0.1620
34 15 33 0.1624
24 8 18 0.1627
23 8 18 0.1631
38 12 35 0.1635
38 16 34 0.1639
29 10 27 0.1643
37 14 37 0.1646
27 5 18 0.1650
24 10 16 0.1654
25 13 21 0.1657
25 8 15 0.1661
16 4 9 0.1665
23 6 16 0.1669
20 8 14 0.1672
24 9 22 0.1676
33 10 31 0.1680
25 9 16 0.1684
24 9 18 0.1687
30 3 24 0.1691
21 9 15 0.1695
26 4 23 0.1698
22 5 22 0.1702
40 16 38 0.1706
35 12 24 0.1709
16 4 16 0.1713
17 6 11 0.1716
35 17 28 0.1720
30 9 21 0.1724
28 2 24 0.1727
21 4 20 0.1731
30 11 26 0.1735
19 8 19 0.1738
31 10 28 0.1742
35 14 34 0.1745
25 11 21 0.1749
27 7 26 0.1753
21 8 17 0.1756
31 16 25 0.1760
34 12 31 0.1763
26 11 17 0.1767
31 10 25 0.1771
37 14 33 0.1774
12 3 8 0.1778
16 6 12 0.1781
36 12 33 0.1785
38 16 31 0.1788
25 8 21 0.1792
15 7 12 0.1796
39 10 20 0.1799
32 13 25 0.1802
31 11 30 0.1806
26 4 26 0.1810
31 12 29 0.1813
31 12 26 0.1817
42 12 17 0.1820
0 0 0 0.1824
16 6 12 0.1827
13 3 9 0.1831
35 13 29 0.1834
27 13 23 0.1838
38 16 34 0.1841
28 4 28 0.1845
31 12 26 0.1848
26 9 22 0.1852
35 12 28 0.1855
24 9 17 0.1858
19 11 12 0.1862
33 17 33 0.1865
36 16 36 0.1869
39 13 39 0.1872
23 4 21 0.1875
24 5 17 0.1879
35 14 28 0.1882
21 9 15 0.1886
23 9 19 0.1889
33 17 29 0.1893
17 4 14 0.1896
28 2 25 0.1899
23 11 22 0.1903
20 4 16 0.1906
29 4 25 0.1910
22 5 20 0.1913
29 8 25 0.1916
23 8 12 0.1920
33 15 33 0.1923
25 7 22 0.1926
22 9 22 0.1930
21 4 17 0.1933
35 12 33 0.1937
15 7 15 0.1940
34 16 33 0.1943
0 0 0 0.1947
38 9 13 0.1950
21 9 17 0.1953
39 15 33 0.1957
36 12 28 0.1960
32 12 28 0.1963
25 11 24 0.1967
31 7 22 0.1970
32 5 32 0.1973
0 0 0 0.1976
36 14 30 0.1980
16 5 16 0.1983
35 12 35 0.1986
36 11 32 0.1990
25 8 24 0.1993
2 0 0 0.1996
21 4 21 0.1999
30 16 23 0.2003
34 12 34 0.2006
31 14 24 0.2009
41 17 37 0.2012
15 7 9 0.2016
36 16 36 0.2019
32 16 25 0.2022
14 3 6 0.2025
22 4 18 0.2029
36 17 35 0.2032
24 9 17 0.2035
36 16 29 0.2038
13 3 11 0.2041
8 0 2 0.2045
29 16 22 0.2048
23 4 19 0.2051
26 8 18 0.2054
32 14 27 0.2057
30 9 26 0.2061
37 15 37 0.2064
29 13 26 0.2067
21 8 16 0.2070
34 4 29 0.2073
8 3 4 0.2077
30 15 26 0.2080
24 10 20 0.2083
31 9 27 0.2086
38 14 34 0.2089
26 4 23 0.2092
33 5 33 0.2095
27 17 27 0.2098
21 8 17 0.2102
18 4 14 0.2105
18 8 14 0.2108
36 16 36 0.2111
44 17 43 0.2114
23 8 19 0.2117
41 17 39 0.2120
40 13 36 0.2123
32 10 25 0.2126
33 16 22 0.2130
32 14 24 0.2133
23 8 19 0.2136
23 5 15 0.2139
34 11 27 0.2142
18 9 17 0.2145
28 6 25 0.2148
28 4 28 0.2151
25 13 21 0.2154
15 4 11 0.2157
19 7 15 0.2160
29 11 27 0.2163
27 10 24 0.2166
41 17 35 0.2169
27 14 19 0.2172
30 9 23 0.2175
24 12 17 0.2178
7 3 7 0.2181
3 0 0 0.2184
18 4 14 0.2187
28 11 24 0.2191
33 13 29 0.2193
33 13 28 0.2197
4 4 4 0.2200
17 2 14 0.2202
36 12 31 0.2205
26 14 20 0.2208
36 14 36 0.2211
16 4 15 0.2214
32 10 30 0.2217
35 12 30 0.2220
20 7 16 0.2223
11 3 8 0.2226
30 11 24 0.2229
20 8 14 0.2232
23 8 17 0.2235
29 8 25 0.2238
30 16 25 0.2241
44 16 37 0.2244
23 8 20 0.2247
26 4 16 0.2250
9 3 8 0.2253
11 3 7 0.2256
24 12 20 0.2259
26 8 22 0.2262
28 15 28 0.2265
33 13 28 0.2268
31 11 26 0.2271
16 8 16 0.2273
0 0 0 0.2276
28 13 26 0.2279
14 6 13 0.2282
36 6 30 0.2285
31 14 25 0.2288
29 3 25 0.2291
35 12 33 0.2294
30 15 21 0.2296
28 9 22 0.2299
27 10 23 0.2302
16 1 12 0.2305
42 17 42 0.2308
30 14 29 0.2311
45 12 22 0.2314
18 10 15 0.2317
33 13 28 0.2320
33 11 27 0.2322
6 3 4 0.2325
8 3 4 0.2328
23 8 18 0.2331
18 4 17 0.2334
25 10 25 0.2337
12 3 8 0.2339
26 4 22 0.2342
23 8 19 0.2345
29 8 25 0.2348
18 4 14 0.2351
16 7 15 0.2354
31 11 24 0.2356
24 9 22 0.2359
12 3 8 0.2362
18 8 13 0.2365
28 14 24 0.2368
19 8 12 0.2370
36 16 32 0.2373
18 7 18 0.2376
29 6 9 0.2379
25 10 20 0.2382
37 12 29 0.2384
11 1 6 0.2387
36 15 28 0.2390
30 10 29 0.2393
31 16 26 0.2395
38 16 28 0.2398
33 13 33 0.2401
20 8 14 0.2404
23 8 21 0.2406
26 12 20 0.2409
29 15 24 0.2412
31 11 26 0.2415
25 4 21 0.2417
16 1 16 0.2420
30 15 27 0.2423
27 10 22 0.2426
40 16 37 0.2428
26 13 22 0.2431
39 15 37 0.2434
29 15 25 0.2436
0 0 0 0.2439
26 4 23 0.2442
19 4 15 0.2444
26 8 22 0.2447
24 15 20 0.2450
27 11 25 0.2453
36 15 36 0.2455
26 17 25 0.2458
32 9 27 0.2461
24 8 16 0.2463
18 7 17 0.2466
34 6 30 0.2469
27 8 23 0.2471
37 11 28 0.2474
20 8 16 0.2477
25 6 21 0.2479
24 8 21 0.2482
24 4 20 0.2485
29 15 25 0.2487
59 14 23 0.2490
12 3 8 0.2492
0 0 0 0.2495
27 11 24 0.2498
41 16 33 0.2500
27 8 23 0.2503
0 0 0 0.2506
32 11 28 0.2508
34 12 26 0.2511
18 8 14 0.2513
35 10 30 0.2516
19 7 12 0.2519
17 7 9 0.2521
2 0 0 0.2524
20 8 15 0.2527
16 9 16 0.2529
33 11 30 0.2532
54 24 27 0.2534
35 12 30 0.2537
27 8 26 0.2539
13 3 9 0.2542
32 16 28 0.2545
25 10 20 0.2547
26 8 22 0.2550
28 11 23 0.2552
24 7 18 0.2555
24 4 19 0.2558
39 16 34 0.2560
30 14 24 0.2563
8 3 4 0.2565
24 9 19 0.2568
35 11 30 0.2570
31 15 29 0.2573
17 8 11 0.2575
29 8 24 0.2578
19 7 19 0.2580
17 5 12 0.2583
35 15 31 0.2586
28 9 28 0.2588
12 8 8 0.2591
27 9 23 0.2593
23 4 23 0.2596
28 15 25 0.2598
36 16 29 0.2601
31 15 24 0.2603
30 4 28 0.2606
14 9 10 0.2608
31 5 25 0.2611
27 8 19 0.2613
33 5 33 0.2616
44 19 39 0.2618
25 14 21 0.2621
30 15 21 0.2623
19 2 14 0.2625
30 8 25 0.2628
32 16 28 0.2631
29 14 23 0.2633
22 10 19 0.2636
33 16 28 0.2638
15 4 11 0.2641
31 4 31 0.2643
14 8 9 0.2645
26 9 23 0.2648
26 9 22 0.2650
31 4 31 0.2653
33 17 31 0.2655
34 10 28 0.2658
22 8 18 0.2660
46 18 46 0.2663
31 4 31 0.2665
24 7 24 0.2668
7 3 3 0.2670
12 3 8 0.2672
32 5 31 0.2675
46 17 43 0.2677
41 16 41 0.2680
19 4 15 0.2682
21 2 19 0.2685
29 6 15 0.2687
15 4 12 0.2689
22 4 18 0.2692
24 8 22 0.2694
26 8 23 0.2697
23 9 21 0.2699
30 6 26 0.2701
23 8 20 0.2704
24 9 17 0.2706
34 14 28 0.2708
27 10 18 0.2711
24 9 19 0.2713
26 7 24 0.2716
24 9 18 0.2718
35 6 32 0.2720
31 4 28 0.2723
42 17 35 0.2725
4 4 4 0.2727
22 10 22 0.2730
26 8 22 0.2732
33 10 29 0.2734
30 5 26 0.2737
32 12 28 0.2739
28 10 24 0.2742
32 16 30 0.2744
16 4 12 0.2746
23 4 19 0.2749
36 15 34 0.2751
26 9 22 0.2753
36 9 23 0.2756
6 3 3 0.2758
33 10 28 0.2760
28 10 25 0.2763
39 15 33 0.2765
23 2 14 0.2767
27 14 21 0.2770
22 4 18 0.2772
38 16 34 0.2774
27 4 27 0.2777
24 10 20 0.2779
25 13 22 0.2781
19 4 15 0.2784
27 15 26 0.2786
22 8 22 0.2788
28 8 24 0.2790
35 15 31 0.2793
22 10 18 0.2795
20 8 20 0.2797
22 8 19 0.2800
24 12 17 0.2802
18 7 16 0.2804
16 9 11 0.2806
25 10 16 0.2809
29 11 22 0.2811
29 12 27 0.2813
34 12 30 0.2815
32 15 25 0.2818
43 16 34 0.2820
28 12 23 0.2822
14 4 14 0.2825
23 11 18 0.2827
39 16 37 0.2829
22 4 18 0.2831
19 8 13 0.2834
35 11 33 0.2836
30 16 27 0.2838
21 5 21 0.2840
8 6 8 0.2843
28 11 28 0.2845
19 8 19 0.2847
18 7 13 0.2849
42 16 37 0.2851
23 8 17 0.2854
23 10 17 0.2856
29 12 25 0.2858
32 13 28 0.2860
30 10 26 0.2863
9 3 5 0.2865
21 8 19 0.2867
34 16 30 0.2869
30 16 23 0.2872
32 9 25 0.2874
17 6 12 0.2876
20 9 20 0.2878
33 14 25 0.2880
40 16 36 0.2883
32 12 26 0.2885
17 7 14 0.2887
25 11 22 0.2889
27 17 16 0.2891
25 4 24 0.2894
36 14 30 0.2896
38 14 35 0.2898
24 4 20 0.2900
25 12 18 0.2902
30 13 25 0.2904
27 8 21 0.2907
18 5 18 0.2909
20 4 16 0.2911
27 10 20 0.2913
29 3 22 0.2915
29 11 19 0.2918
21 9 18 0.2920
29 11 27 0.2922
14 2 10 0.2924
26 12 22 0.2926
33 15 26 0.2928
29 10 28 0.2930
23 8 18 0.2933
27 8 23 0.2935
22 6 17 0.2937
21 8 21 0.2939
9 3 6 0.2941
32 13 23 0.2943
17 6 17 0.2945
27 10 19 0.2948
19 12 13 0.2950
37 12 28 0.2952
26 14 21 0.2954
35 5 30 0.2956
31 13 26 0.2958
39 14 33 0.2960
28 9 26 0.2962
34 14 27 0.2964
9 3 5 0.2967
27 10 23 0.2969
29 15 25 0.2971
39 16 35 0.2973
27 10 23 0.2975
19 7 15 0.2977
32 9 24 0.2979
18 5 14 0.2981
30 16 22 0.2983
36 15 35 0.2986
40 10 24 0.2988
29 17 24 0.2990
12 3 12 0.2992
29 8 29 0.2994
10 3 8 0.2996
22 9 15 0.2998
13 2 9 0.3000
29 18 29 0.3002
23 10 19 0.3004
39 15 34 0.3006
22 4 18 0.3008
35 15 31 0.3010
25 10 20 0.3012
30 11 27 0.3015
22 8 16 0.3017
33 14 23 0.3019
32 13 28 0.3021
10 1 4 0.3023
37 13 36 0.3025
11 4 7 0.3027
4 3 0 0.3029
33 8 18 0.3031
11 3 7 0.3033
24 12 19 0.3035
42 16 37 0.3037
20 4 16 0.3039
34 16 28 0.3041
24 8 17 0.3043
28 14 24 0.3045
34 21 23 0.3047
20 8 15 0.3049
22 10 18 0.3051
23 4 16 0.3053
16 8 12 0.3055
27 3 23 0.3057
13 4 8 0.3059
14 5 11 0.3061
36 11 32 0.3063
37 15 29 0.3065
30 13 26 0.3067
37 14 33 0.3069
22 10 18 0.3071
35 11 26 0.3073
17 4 17 0.3075
22 8 15 0.3077
26 6 16 0.3079
5 1 4 0.3081
0 0 0 0.3083
10 5 6 0.3085
19 8 13 0.3087
21 8 19 0.3089
14 5 10 0.3091
32 9 31 0.3093
39 16 29 0.3095
24 12 20 0.3097
38 14 34 0.3099
27 13 24 0.3101
29 5 24 0.3103
28 8 23 0.3105
38 14 38 0.3107
26 10 24 0.3109
24 10 20 0.3111
19 7 13 0.3113
29 4 29 0.3115
17 4 12 0.3117
16 7 13 0.3118
35 11 27 0.3120
23 2 20 0.3122
30 15 27 0.3124
23 8 19 0.3126
8 6 8 0.3128
27 9 25 0.3130
22 8 18 0.3132
26 2 23 0.3134
32 15 24 0.3136
34 12 31 0.3138
20 8 15 0.3140
27 17 27 0.3142
26 8 14 0.3144
4 0 0 0.3146
37 13 35 0.3147
12 3 9 0.3149
35 11 29 0.3151
28 13 23 0.3153
21 8 17 0.3155
32 12 28 0.3157
15 4 11 0.3159
2 0 0 0.3161
22 6 22 0.3163
16 1 9 0.3165
26 8 21 0.3167
38 16 38 0.3168
7 5 3 0.3170
19 6 15 0.3172
25 10 22 0.3174
24 9 24 0.3176
4 3 4 0.3178
31 4 27 0.3180
33 16 29 0.3182
4 4 4 0.3184
12 3 8 0.3185
14 2 9 0.3187
20 8 20 0.3189
36 15 35 0.3191
38 14 34 0.3193
33 20 33 0.3195
15 4 11 0.3197
3 0 0 0.3199
17 5 17 0.3200
26 11 24 0.3202
28 8 27 0.3204
14 3 9 0.3206
36 13 31 0.3208
26 13 26 0.3210
19 5 15 0.3212
20 8 16 0.3214
34 17 29 0.3215
28 13 23 0.3217
32 10 28 0.3219
26 12 20 0.3221
28 9 23 0.3223
28 10 24 0.3225
25 9 15 0.3227
28 13 24 0.3229
33 18 30 0.3230
41 16 37 0.3232
33 13 29 0.3234
36 16 30 0.3236
4 3 0 0.3238
19 7 15 0.3239
8 7 4 0.3241
32 11 25 0.3243
32 13 27 0.3245
29 2 23 0.3247
34 11 30 0.3249
20 8 12 0.3250
22 9 18 0.3252
34 13 30 0.3254
34 5 30 0.3256
27 3 23 0.3257
24 12 23 0.3259
12 3 9 0.3261
25 10 21 0.3263
18 4 14 0.3265
29 12 26 0.3266
29 4 28 0.3268
20 8 20 0.3270
22 4 18 0.3272
25 6 21 0.3274
16 4 12 0.3275
22 9 15 0.3277
32 11 29 0.3279
4 3 0 0.3281
18 4 14 0.3282
26 14 23 0.3284
26 8 22 0.3286
22 8 20 0.3288
21 8 15 0.3290
26 8 21 0.3291
29 8 21 0.3293
26 10 22 0.3295
24 8 24 0.3297
0 0 0 0.3298
39 15 32 0.3300
39 15 33 0.3302
24 12 20 0.3304
18 7 14 0.3306
19 7 18 0.3307
19 4 19 0.3309
17 1 12 0.3311
30 11 23 0.3313
28 11 26 0.3314
21 9 17 0.3316
40 16 40 0.3318
30 4 26 0.3320
16 5 12 0.3321
12 4 12 0.3323
27 11 19 0.3325
9 6 6 0.3327
21 8 13 0.3328
27 15 23 0.3330
33 14 30 0.3332
31 15 23 0.3334
8 3 8 0.3335
31 14 27 0.3337
18 7 13 0.3339
25 7 25 0.3341
17 7 16 0.3342
33 8 32 0.3344
14 7 8 0.3346
25 1 21 0.3347
32 12 32 0.3349
34 15 29 0.3351
18 10 18 0.3353
35 16 29 0.3354
40 16 37 0.3356
29 11 22 0.3358
33 16 26 0.3360
0 0 0 0.3361
26 4 25 0.3363
20 8 20 0.3365
36 15 32 0.3366
38 15 30 0.3368
31 15 23 0.3370
25 8 19 0.3371
20 8 12 0.3373
26 8 26 0.3375
25 8 21 0.3376
21 8 17 0.3378
35 12 31 0.3380
10 2 9 0.3382
31 11 31 0.3383
20 8 13 0.3385
13 5 13 0.3387
21 8 17 0.3388
26 9 22 0.3390
32 10 28 0.3392
34 14 29 0.3393
11 3 6 0.3395
44 16 44 0.3397
38 14 34 0.3399
31 15 25 0.3400
22 9 18 0.3402
30 4 26 0.3403
33 4 29 0.3405
20 9 20 0.3407
26 9 22 0.3409
23 1 15 0.3410
24 12 20 0.3412
23 4 15 0.3413
21 9 17 0.3415
31 11 27 0.3417
43 17 39 0.3418
32 9 27 0.3420
33 11 28 0.3422
24 8 24 0.3423
33 6 21 0.3425
38 16 37 0.3427
16 4 12 0.3428
25 9 8 0.3430
38 6 35 0.3432
33 9 29 0.3433
24 5 22 0.3435
32 10 25 0.3437
22 5 20 0.3438
28 16 25 0.3440
28 3 24 0.3441
30 5 26 0.3443
27 4 23 0.3445
16 4 12 0.3446
26 8 24 0.3448
39 15 33 0.3450
20 8 18 0.3451
26 10 19 0.3453
24 9 20 0.3454
20 8 13 0.3456
26 4 20 0.3458
26 13 25 0.3459
15 4 13 0.3461
14 9 13 0.3463
17 5 10 0.3464
32 3 26 0.3466
36 12 32 0.3467
18 4 18 0.3469
22 8 19 0.3471
56 29 8 0.3472
11 3 7 0.3474
32 12 29 0.3475
33 18 25 0.3477
33 10 31 0.3478
20 8 20 0.3480
22 4 18 0.3482
33 14 28 0.3483
26 14 26 0.3485
4 4 4 0.3487
22 10 18 0.3488
26 13 23 0.3490
22 9 22 0.3491
28 7 25 0.3493
30 10 26 0.3494
17 5 16 0.3496
31 15 26 0.3498
36 16 31 0.3499
30 11 22 0.3501
29 8 27 0.3502
28 16 23 0.3504
22 8 18 0.3505
11 7 7 0.3507
17 6 15 0.3509
40 16 31 0.3510
33 11 29 0.3512
25 9 17 0.3513
27 10 24 0.3515
31 10 21 0.3516
11 3 7 0.3518
43 17 40 0.3520
28 12 27 0.3521
32 15 32 0.3523
34 11 30 0.3524
28 15 21 0.3526
40 14 36 0.3527
26 7 23 0.3529
24 8 20 0.3530
25 8 21 0.3532
33 20 30 0.3533
29 9 25 0.3535
36 15 32 0.3537
40 16 33 0.3538
29 14 24 0.3540
26 13 19 0.3541
29 14 20 0.3543
23 11 18 0.3544
32 11 30 0.3546
20 8 20 0.3547
39 15 34 0.3549
21 9 15 0.3550
25 12 19 0.3552
27 7 24 0.3554
28 13 21 0.3555
0 0 0 0.3556
34 6 33 0.3558
34 13 30 0.3560
41 17 41 0.3561
18 4 17 0.3563
23 8 19 0.3564
21 4 21 0.3566
30 10 26 0.3567
32 14 27 0.3569
17 4 15 0.3570
30 11 26 0.3572
30 10 23 0.3573
34 13 29 0.3575
13 2 9 0.3576
25 13 23 0.3578
26 10 25 0.3579
37 17 34 0.3581
36 13 32 0.3582
17 7 16 0.3584
35 13 29 0.3585
17 8 13 0.3587
19 4 13 0.3588
30 15 25 0.3590
38 15 37 0.3591
24 14 21 0.3593
17 5 16 0.3594
19 7 15 0.3596
38 16 31 0.3597
23 9 18 0.3599
0 0 0 0.3600
29 9 27 0.3602
29 9 28 0.3603
32 20 27 0.3605
20 8 10 0.3606
34 6 34 0.3608
34 15 27 0.3609
23 10 15 0.3611
34 8 31 0.3612
23 8 14 0.3613
27 8 23 0.3615
23 8 19 0.3617
11 3 7 0.3618
18 8 18 0.3619
15 0 15 0.3621
17 7 10 0.3622
19 1 14 0.3624
35 10 31 0.3625
12 4 12 0.3627
22 10 20 0.3628
40 16 35 0.3630
35 12 28 0.3631
26 8 16 0.3633
26 8 23 0.3634
33 11 29 0.3635
30 16 30 0.3637
6 3 3 0.3638
20 8 16 0.3640
28 15 19 0.3641
21 9 16 0.3643
33 11 30 0.3644
50 24 27 0.3646
29 12 24 0.3647
36 16 32 0.3649
18 6 11 0.3650
25 12 21 0.3652
16 8 16 0.3653
39 15 39 0.3654
26 3 20 0.3656
32 7 25 0.3657
23 4 20 0.3659
29 8 24 0.3660
25 8 22 0.3662
39 15 39 0.3663
14 4 10 0.3664
20 8 15 0.3666
39 17 35 0.3667
40 16 33 0.3669
18 1 14 0.3670
20 5 14 0.3672
17 6 11 0.3673
37 13 29 0.3674
29 10 28 0.3676
20 8 20 0.3677
35 9 33 0.3679
32 11 28 0.3680
27 9 25 0.3681
21 4 18 0.3683
28 9 21 0.3684
19 7 17 0.3686
28 11 27 0.3687
18 9 18 0.3689
32 12 31 0.3690
33 16 29 0.3691
8 3 4 0.3693
28 11 28 0.3694
16 5 10 0.3696
37 9 25 0.3697
26 10 18 0.3698
33 11 31 0.3700
19 2 12 0.3701
16 4 10 0.3703
25 16 21 0.3704
30 15 26 0.3705
36 6 34 0.3707
40 16 35 0.3708
32 13 32 0.3709
32 4 27 0.3711
12 1 8 0.3712
23 10 19 0.3714
17 4 15 0.3715
25 4 23 0.3716
10 7 3 0.3718
22 8 22 0.3719
44 16 42 0.3721
22 10 14 0.3722
30 4 27 0.3723
16 1 12 0.3725
23 10 19 0.3726
23 9 21 0.3727
29 15 23 0.3729
24 8 20 0.3730
40 18 36 0.3731
0 0 0 0.3733
37 6 33 0.3734
27 11 26 0.3736
31 9 25 0.3737
32 7 28 0.3738
15 8 11 0.3740
18 3 18 0.3741
27 8 25 0.3742
30 14 29 0.3744
42 11 25 0.3745
24 4 20 0.3746
0 0 0 0.3748
16 2 16 0.3749
44 19 40 0.3751
25 13 24 0.3752
18 2 16 0.3753
19 6 16 0.3755
23 8 23 0.3756
23 9 23 0.3757
28 4 23 0.3759
22 8 20 0.3760
21 13 17 0.3761
10 3 8 0.3763
15 8 11 0.3764
19 6 15 0.3765
28 16 24 0.3767
23 9 19 0.3768
21 7 15 0.3769
22 13 21 0.3771
12 3 8 0.3772
31 4 31 0.3773
25 11 17 0.3775
19 4 15 0.3776
23 14 23 0.3777
36 12 35 0.3779
35 15 30 0.3780
25 9 21 0.3781
14 2 10 0.3783
28 12 28 0.3784
36 5 34 0.3785
17 4 14 0.3787
22 8 15 0.3788
35 6 35 0.3789
8 3 4 0.3791
22 10 17 0.3792
10 3 8 0.3793
12 3 10 0.3795
21 9 21 0.3796
29 12 24 0.3797
25 10 20 0.3798
26 10 24 0.3800
5 3 1 0.3801
26 10 22 0.3802
17 3 13 0.3804
39 16 38 0.3805
22 8 10 0.3806
32 16 27 0.3808
24 3 20 0.3809
10 0 5 0.3810
30 8 25 0.3812
24 12 20 0.3813
23 9 19 0.3814
33 10 27 0.3816
30 14 27 0.3817
29 10 27 0.3818
1 1 0 0.3819
22 8 18 0.3821
22 2 17 0.3822
27 11 21 0.3823
23 4 23 0.3825
29 9 25 0.3826
35 6 35 0.3827
0 0 0 0.3828
31 10 31 0.3830
24 1 17 0.3831
24 12 20 0.3832
33 12 29 0.3834
18 4 14 0.3835
31 10 27 0.3836
26 9 20 0.3838
45 17 45 0.3839
20 4 20 0.3840
26 4 18 0.3841
18 10 14 0.3843
26 8 22 0.3844
27 10 20 0.3845
23 13 17 0.3846
28 4 24 0.3848
42 17 39 0.3849
25 13 19 0.3850
33 14 30 0.3852
37 15 35 0.3853
24 9 20 0.3854
17 8 13 0.3855
18 4 14 0.3857
17 8 13 0.3858
33 11 29 0.3859
8 3 4 0.3861
25 9 25 0.3862
14 5 11 0.3863
19 4 18 0.3864
20 5 20 0.3866
21 9 17 0.3867
19 7 14 0.3868
25 7 22 0.3869
37 16 33 0.3871
25 2 24 0.3872
34 12 31 0.3873
32 9 22 0.3874
37 15 32 0.3876
25 12 21 0.3877
27 8 25 0.3878
23 8 23 0.3879
32 15 25 0.3881
15 4 9 0.3882
40 16 36 0.3883
30 4 29 0.3884
39 15 33 0.3886
25 9 17 0.3887
21 8 21 0.3888
23 8 18 0.3889
15 8 11 0.3891
19 8 17 0.3892
31 7 6 0.3893
29 7 25 0.3894
10 3 6 0.3896
37 15 36 0.3897
24 8 18 0.3898
21 5 16 0.3899
30 3 26 0.3900
38 15 35 0.3902
34 12 34 0.3903
31 11 28 0.3904
25 12 21 0.3905
18 4 16 0.3907
20 8 13 0.3908
53 14 33 0.3909
21 9 15 0.3910
12 3 8 0.3912
19 4 19 0.3913
27 8 27 0.3914
41 16 41 0.3915
29 13 26 0.3916
32 10 26 0.3918
18 4 16 0.3919
21 8 17 0.3920
29 9 27 0.3921
41 17 39 0.3923
29 9 21 0.3924
35 17 31 0.3925
18 6 14 0.3926
33 16 32 0.3927
24 12 20 0.3929
4 4 4 0.3930
22 4 21 0.3931
35 12 31 0.3932
36 15 32 0.3934
27 8 26 0.3935
31 20 25 0.3936
29 12 24 0.3937
19 12 15 0.3938
35 13 33 0.3940
35 14 28 0.3941
31 9 31 0.3942
25 11 23 0.3943
25 9 21 0.3944
25 13 19 0.3946
37 14 30 0.3947
22 10 22 0.3948
28 10 25 0.3949
21 9 17 0.3950
22 10 16 0.3952
3 0 0 0.3953
14 8 14 0.3954
37 5 34 0.3955
4 3 0 0.3956
20 8 16 0.3958
15 3 11 0.3959
42 11 13 0.3960
39 7 35 0.3961
9 6 9 0.3962
35 16 27 0.3963
32 9 30 0.3965
30 4 30 0.3966
16 2 16 0.3967
44 11 20 0.3968
45 12 29 0.3969
24 4 14 0.3971
29 11 29 0.3972
30 9 20 0.3973
12 3 8 0.3974
26 15 21 0.3975
27 4 25 0.3976
6 3 4 0.3978
35 11 25 0.3979
18 7 14 0.3980
21 8 15 0.3981
26 2 24 0.3982
27 12 23 0.3983
28 11 19 0.3985
33 16 29 0.3986
27 12 21 0.3987
34 12 32 0.3988
35 12 29 0.3989
32 16 28 0.3990
30 11 29 0.3992
22 8 22 0.3993
9 0 3 0.3994
28 13 23 0.3995
38 16 34 0.3996
34 12 34 0.3997
23 5 19 0.3999
21 8 17 0.4000
25 6 22 0.4001
0 0 0 0.4002
27 12 22 0.4003
17 3 17 0.4004
12 2 8 0.4006
8 2 8 0.4007
0 0 0 0.4008
26 4 22 0.4009
28 7 25 0.4010
25 6 21 0.4011
7 3 7 0.4012
39 16 32 0.4014
24 6 22 0.4015
15 4 13 0.4016
5 0 1 0.4017
30 15 25 0.4018
26 8 20 0.4019
7 3 7 0.4020
36 9 15 0.4021
21 8 17 0.4023
6 3 5 0.4024
26 9 22 0.4025
37 15 35 0.4026
19 8 12 0.4027
28 13 22 0.4028
33 13 29 0.4029
23 8 23 0.4031
20 8 16 0.4032
16 8 14 0.4033
38 16 36 0.4034
6 3 6 0.4035
7 2 7 0.4036
33 16 33 0.4037
33 12 31 0.4039
29 15 25 0.4040
42 11 25 0.4041
42 18 38 0.4042
26 9 26 0.4043
14 3 10 0.4044
0 0 0 0.4045
35 14 27 0.4046
34 10 30 0.4047
29 8 17 0.4049
31 10 26 0.4050
19 5 14 0.4051
38 15 38 0.4052
24 9 21 0.4053
14 6 9 0.4054
22 8 21 0.4055
17 6 12 0.4056
21 9 17 0.4057
31 12 29 0.4059
37 13 29 0.4060
37 14 37 0.4061
28 17 23 0.4062
16 4 16 0.4063
40 16 40 0.4064
49 13 29 0.4065
30 13 26 0.4066
14 7 7 0.4067
22 9 18 0.4068
22 8 18 0.4069
29 4 25 0.4071
21 8 15 0.4072
13 6 12 0.4073
35 16 29 0.4074
30 10 28 0.4075
27 12 18 0.4076
35 15 29 0.4077
40 17 36 0.4078
30 9 23 0.4079
38 16 32 0.4081
36 12 30 0.4082
21 9 16 0.4083
9 2 5 0.4084
35 13 35 0.4085
36 16 34 0.4086
26 9 21 0.4087
31 16 31 0.4088
23 11 23 0.4089
21 4 17 0.4090
17 7 13 0.4091
33 5 33 0.4093
34 17 31 0.4094
24 9 20 0.4095
15 3 12 0.4096
26 4 25 0.4097
19 8 19 0.4098
31 16 31 0.4099
40 12 31 0.4100
2 2 2 0.4101
14 6 7 0.4102
38 12 38 0.4103
26 12 21 0.4104
17 8 17 0.4105
39 11 37 0.4107
16 6 10 0.4108
25 9 18 0.4109
26 14 24 0.4110
23 10 23 0.4111
29 12 27 0.4112
14 3 8 0.4113
22 4 18 0.4114
25 4 23 0.4115
29 3 24 0.4116
20 4 20 0.4117
34 6 34 0.4118
29 12 28 0.4119
36 15 26 0.4120
20 8 16 0.4121
33 16 27 0.4122
21 8 17 0.4124
27 11 24 0.4125
18 4 18 0.4126
38 16 30 0.4127
34 16 30 0.4128
30 8 24 0.4129
24 12 20 0.4130
31 7 26 0.4131
29 11 26 0.4132
2 0 0 0.4133
29 15 25 0.4134
30 15 29 0.4135
40 16 36 0.4136
48 26 20 0.4137
30 13 26 0.4138
40 10 14 0.4139
27 4 23 0.4140
34 11 34 0.4141
37 16 36 0.4142
23 4 23 0.4143
30 16 26 0.4144
31 9 31 0.4146
40 16 33 0.4147
32 11 29 0.4148
29 10 25 0.4149
18 8 12 0.4150
35 16 29 0.4151
25 8 21 0.4152
15 4 9 0.4153
25 8 21 0.4154
39 7 28 0.4155
37 16 32 0.4156
29 10 25 0.4157
29 10 28 0.4158
36 16 33 0.4159
32 5 32 0.4160
21 8 17 0.4161
24 9 21 0.4162
31 16 27 0.4163
18 4 18 0.4164
15 8 11 0.4165
30 15 24 0.4166
8 3 4 0.4167
20 8 16 0.4168
33 10 30 0.4169
21 7 20 0.4170
30 3 24 0.4171
4 3 0 0.4172
33 16 29 0.4173
4 3 0 0.4174
16 6 12 0.4175
26 13 24 0.4176
30 3 28 0.4177
16 7 12 0.4178
31 5 28 0.4180
12 8 11 0.4181
29 11 22 0.4182
20 2 20 0.4183
28 9 24 0.4184
4 4 0 0.4185
37 13 31 0.4186
40 16 36 0.4187
27 9 27 0.4188
11 3 7 0.4189
37 14 37 0.4190
22 8 22 0.4191
23 9 20 0.4192
7 3 3 0.4193
26 9 25 0.4194
32 16 27 0.4195
26 9 22 0.4196
24 8 21 0.4197
26 13 22 0.4198
12 3 12 0.4199
21 9 17 0.4200
30 9 22 0.4201
27 4 27 0.4202
34 16 30 0.4203
0 0 0 0.4204
33 17 28 0.4205
38 14 33 0.4206
32 14 27 0.4207
15 7 11 0.4208
40 16 40 0.4209
31 13 24 0.4210
34 12 29 0.4211
17 9 15 0.4212
33 17 28 0.4213
35 11 28 0.4214
21 8 15 0.4215
24 4 18 0.4216
26 10 22 0.4217
35 15 34 0.4218
14 8 10 0.4219
4 3 4 0.4220
26 10 22 0.4221
41 16 39 0.4222
38 15 37 0.4223
16 4 9 0.4224
18 7 14 0.4225
38 15 36 0.4226
24 8 17 0.4227
28 15 23 0.4228
30 10 26 0.4229
17 7 13 0.4230
25 10 21 0.4231
32 5 31 0.4232
34 11 30 0.4233
22 9 17 0.4233
17 8 14 0.4234
36 16 32 0.4235
24 8 20 0.4236
32 13 27 0.4237
31 12 23 0.4238
27 4 23 0.4239
29 3 26 0.4240
18 4 18 0.4241
30 15 25 0.4242
22 9 21 0.4243
41 17 35 0.4244
29 13 23 0.4245
37 16 33 0.4246
28 10 23 0.4247
22 8 18 0.4248
38 13 26 0.4249
34 10 25 0.4250
40 16 36 0.4251
15 1 10 0.4252
33 17 29 0.4253
15 5 8 0.4254
24 8 16 0.4255
33 12 30 0.4256
21 9 15 0.4257
40 16 36 0.4258
28 10 27 0.4259
24 12 24 0.4260
31 15 27 0.4261
21 4 21 0.4262
25 3 20 0.4263
27 14 20 0.4264
5 1 5 0.4265
25 9 24 0.4266
27 5 22 0.4266
4 0 0 0.4267
36 15 29 0.4268
25 8 25 0.4269
9 3 6 0.4269
17 6 13 0.4270
29 13 25 0.4271
6 3 2 0.4272
24 8 20 0.4272
33 10 27 0.4273
25 10 23 0.4274
35 16 27 0.4275
4 3 4 0.4276
14 5 14 0.4276
2 1 2 0.4277
25 4 24 0.4278
28 15 22 0.4279
36 15 29 0.4279
24 12 17 0.4280
31 14 27 0.4281
14 4 10 0.4282
40 16 36 0.4282
38 9 14 0.4283
21 8 17 0.4284
13 4 8 0.4285
26 8 20 0.4285
35 16 30 0.4286
17 8 12 0.4287
22 4 21 0.4288
27 9 23 0.4288
22 10 18 0.4289
35 9 21 0.4290
17 9 17 0.4291
24 10 16 0.4291
24 8 18 0.4292
42 18 38 0.4293
13 1 3 0.4294
33 14 25 0.4294
24 6 16 0.4295
11 3 9 0.4296
16 4 14 0.4297
8 3 8 0.4297
19 8 19 0.4298
18 4 14 0.4299
35 16 31 0.4300
25 13 22 0.4300
38 17 36 0.4301
37 13 31 0.4302
33 17 30 0.4303
32 4 29 0.4303
26 14 19 0.4304
26 11 23 0.4305
31 10 28 0.4306
21 8 21 0.4306
27 2 26 0.4307
32 12 32 0.4308
39 16 39 0.4308
25 13 21 0.4309
19 7 8 0.4310
22 9 18 0.4311
8 3 4 0.4311
24 11 24 0.4312
31 6 31 0.4313
11 8 11 0.4314
26 8 22 0.4314
37 17 31 0.4315
15 4 11 0.4316
8 3 8 0.4316
57 29 11 0.4317
20 9 19 0.4318
4 3 4 0.4319
27 10 27 0.4319
17 5 16 0.4320
20 4 19 0.4321
15 8 14 0.4322
30 11 24 0.4322
16 3 12 0.4323
23 8 22 0.4324
29 9 25 0.4324
30 12 22 0.4325
37 5 29 0.4326
27 9 19 0.4327
14 0 8 0.4327
14 3 10 0.4328
17 3 0 0.4329
17 6 16 0.4329
24 10 20 0.4330
30 14 26 0.4331
20 3 17 0.4332
19 8 15 0.4332
28 5 7 0.4333
34 12 30 0.4334
20 9 20 0.4334
23 9 19 0.4335
33 16 32 0.4336
0 0 0 0.4336
0 0 0 0.4337
20 8 18 0.4338
17 8 16 0.4339
28 9 23 0.4339
13 1 13 0.4340
28 9 20 0.4341
29 4 29 0.4342
19 11 15 0.4342
24 15 24 0.4343
17 4 17 0.4344
17 2 9 0.4344
33 14 29 0.4345
27 11 20 0.4346
27 10 23 0.4346
15 4 14 0.4347
19 2 15 0.4348
31 10 31 0.4349
10 3 6 0.4349
20 8 13 0.4350
40 16 37 0.4351
19 8 15 0.4351
19 8 16 0.4352
16 5 12 0.4353
22 13 22 0.4353
0 0 0 0.4354
25 4 25 0.4355
16 4 12 0.4356
25 4 22 0.4356
9 3 5 0.4357
33 8 17 0.4358
36 15 29 0.4358
36 16 33 0.4359
41 16 35 0.4360
24 13 23 0.4360
15 3 11 0.4361
23 9 19 0.4362
14 4 13 0.4363
16 6 12 0.4363
33 10 29 0.4364
36 12 34 0.4365
26 10 26 0.4365
20 10 17 0.4366
13 3 10 0.4367
18 8 18 0.4367
26 10 22 0.4368
20 5 20 0.4369
31 4 31 0.4369
19 8 15 0.4370
18 4 18 0.4371
24 8 19 0.4372
33 12 33 0.4372
26 4 22 0.4373
32 10 32 0.4374
19 11 19 0.4374
20 2 20 0.4375
40 16 36 0.4376
21 5 19 0.4376
37 14 35 0.4377
13 4 9 0.4378
27 12 20 0.4378
22 8 18 0.4379
21 6 14 0.4380
28 2 28 0.4380
15 9 15 0.4381
24 8 23 0.4382
39 15 38 0.4382
8 0 8 0.4383
16 8 15 0.4384
25 13 21 0.4385
32 12 19 0.4385
23 3 11 0.4386
26 4 22 0.4387
31 4 31 0.4387
26 13 18 0.4388
4 3 0 0.4389
25 4 21 0.4389
36 16 30 0.4390
33 10 30 0.4391
25 8 20 0.4391
38 16 31 0.4392
16 9 13 0.4393
20 8 20 0.4393
24 9 18 0.4394
30 15 25 0.4395
28 8 24 0.4395
25 10 24 0.4396
29 12 24 0.4397
25 8 22 0.4397
24 10 20 0.4398
29 15 25 0.4399
26 13 24 0.4399
38 16 36 0.4400
25 11 23 0.4401
17 4 13 0.4401
31 9 27 0.4402
22 8 22 0.4403
34 6 33 0.4403
20 4 17 0.4404
28 14 22 0.4405
30 15 30 0.4406
42 16 42 0.4406
20 8 20 0.4407
28 14 23 0.4408
12 3 12 0.4408
13 9 9 0.4409
33 16 33 0.4410
27 8 23 0.4410
32 16 26 0.4411
34 15 29 0.4412
7 1 7 0.4412
32 9 26 0.4413
33 10 33 0.4414
37 12 30 0.4414
17 4 13 0.4415
15 5 12 0.4416
30 13 30 0.4416
19 4 19 0.4417
24 9 20 0.4418
20 3 16 0.4418
21 9 19 0.4419
32 11 23 0.4420
24 14 24 0.4420
18 6 12 0.4421
31 16 25 0.4422
32 7 19 0.4422
24 9 24 0.4423
26 4 26 0.4423
14 4 14 0.4424
30 13 30 0.4425
17 8 17 0.4425
15 3 11 0.4426
22 8 22 0.4427
14 4 10 0.4427
15 4 15 0.4428
35 16 29 0.4429
31 10 30 0.4429
31 12 25 0.4430
28 15 27 0.4431
0 0 0 0.4431
32 13 28 0.4432
21 9 15 0.4433
17 7 12 0.4433
16 1 12 0.4434
15 8 11 0.4435
16 4 12 0.4435
14 4 13 0.4436
39 15 39 0.4437
31 8 28 0.4437
25 2 17 0.4438
32 13 25 0.4439
31 16 25 0.4439
26 3 19 0.4440
15 1 11 0.4440
18 1 14 0.4441
25 16 25 0.4442
30 10 26 0.4442
35 16 26 0.4443
28 14 11 0.4444
21 2 19 0.4444
25 8 17 0.4445
23 9 19 0.4446
39 13 32 0.4446
21 8 15 0.4447
42 16 34 0.4448
22 5 20 0.4448
29 14 28 0.4449
22 9 17 0.4449
27 13 26 0.4450
29 11 23 0.4451
18 7 14 0.4451
47 12 8 0.4452
26 9 26 0.4453
30 9 25 0.4453
27 14 23 0.4454
14 8 10 0.4455
20 8 15 0.4455
34 16 34 0.4456
19 8 15 0.4456
22 2 18 0.4457
31 13 24 0.4458
19 1 18 0.4458
27 10 23 0.4459
4 0 4 0.4460
25 11 19 0.4460
10 1 10 0.4461
13 9 8 0.4461
38 16 34 0.4462
8 2 4 0.4463
22 8 21 0.4463
19 4 18 0.4464
24 9 21 0.4465
20 12 17 0.4465
20 1 19 0.4466
34 12 29 0.4466
24 8 19 0.4467
38 16 35 0.4468
25 11 19 0.4468
28 10 22 0.4469
30 14 26 0.4470
21 8 16 0.4470
22 9 21 0.4471
18 7 17 0.4472
15 4 12 0.4472
33 12 33 0.4473
35 16 26 0.4473
20 9 16 0.4474
12 3 8 0.4475
9 2 5 0.4475
36 17 36 0.4476
29 6 7 0.4476
20 4 20 0.4477
20 2 20 0.4478
25 10 21 0.4478
31 11 27 0.4479
13 5 9 0.4480
10 3 10 0.4480
33 8 14 0.4481
24 12 24 0.4481
20 8 12 0.4482
35 15 31 0.4483
23 8 22 0.4483
31 13 24 0.4484
29 8 22 0.4484
27 9 27 0.4485
20 9 20 0.4486
40 16 32 0.4486
19 8 18 0.4487
25 10 18 0.4488
33 15 29 0.4488
24 8 23 0.4489
41 16 39 0.4489
28 8 22 0.4490
38 9 14 0.4491
37 16 35 0.4491
25 2 21 0.4492
26 8 21 0.4492
39 16 39 0.4493
12 3 8 0.4494
39 16 36 0.4494
46 12 25 0.4495
19 8 11 0.4496
12 3 6 0.4496
23 8 18 0.4497
17 6 13 0.4497
26 14 24 0.4498
28 9 25 0.4499
33 11 29 0.4499
37 16 33 0.4500
31 13 25 0.4500
31 6 27 0.4501
27 9 24 0.4502
9 3 9 0.4502
20 4 20 0.4503
41 17 34 0.4503
30 8 23 0.4504
24 8 20 0.4505
27 8 27 0.4505
22 8 17 0.4506
9 3 4 0.4506
38 16 31 0.4507
30 11 27 0.4508
26 11 21 0.4508
26 4 26 0.4509
68 39 18 0.4510
21 7 20 0.4510
15 8 11 0.4511
23 10 21 0.4511
22 8 18 0.4512
33 14 29 0.4513
19 7 14 0.4513
32 5 28 0.4514
0 0 0 0.4514
34 12 29 0.4515
33 12 31 0.4516
18 6 16 0.4516
29 5 29 0.4517
10 3 6 0.4517
17 6 15 0.4518
43 18 35 0.4519
24 7 16 0.4519
29 12 24 0.4520
31 15 31 0.4520
24 3 6 0.4521
17 4 13 0.4522
14 1 14 0.4522
31 13 27 0.4523
24 8 14 0.4523
20 8 14 0.4524
25 5 17 0.4525
32 7 18 0.4525
24 8 20 0.4526
26 11 22 0.4526
22 13 18 0.4527
25 11 25 0.4527
32 16 26 0.4528
40 14 38 0.4529
11 3 7 0.4529
7 3 4 0.4530
1 0 0 0.4530
24 10 22 0.4531
31 15 27 0.4531
26 13 20 0.4532
4 4 4 0.4533
18 3 14 0.4533
27 7 25 0.4534
20 8 16 0.4534
20 4 20 0.4535
16 8 8 0.4536
12 5 8 0.4536
31 16 26 0.4537
24 8 17 0.4537
28 5 9 0.4538
13 3 9 0.4538
24 9 24 0.4539
34 11 28 0.4540
32 16 32 0.4540
28 4 24 0.4541
13 3 11 0.4541
43 9 35 0.4542
24 8 23 0.4543
29 11 26 0.4543
27 13 23 0.4544
17 5 13 0.4544
21 4 20 0.4545
19 8 19 0.4545
33 16 25 0.4546
40 16 36 0.4547
17 7 12 0.4547
13 3 12 0.4548
36 12 31 0.4548
23 4 19 0.4549
18 1 18 0.4549
25 11 19 0.4550
33 13 25 0.4551
23 8 15 0.4551
21 8 15 0.4552
24 8 20 0.4552
13 0 11 0.4553
39 17 35 0.4554
16 4 9 0.4554
24 10 20 0.4555
12 2 8 0.4555
27 7 27 0.4556
25 9 21 0.4556
20 5 15 0.4557
28 9 24 0.4557
14 4 10 0.4558
15 4 15 0.4559
26 6 24 0.4559
26 8 22 0.4560
24 9 21 0.4560
29 13 23 0.4561
27 1 26 0.4561
25 2 19 0.4562
22 10 16 0.4563
23 8 19 0.4563
32 5 32 0.4564
21 8 18 0.4564
28 8 22 0.4565
28 12 20 0.4565
8 6 4 0.4566
7 5 7 0.4566
26 9 22 0.4567
37 6 37 0.4568
27 11 23 0.4568
34 16 27 0.4569
31 13 27 0.4569
38 14 37 0.4570
13 3 13 0.4570
30 15 25 0.4571
34 16 26 0.4571
26 9 24 0.4572
21 9 14 0.4573
34 16 30 0.4573
26 8 19 0.4574
40 15 22 0.4574
0 0 0 0.4575
25 8 21 0.4575
20 8 20 0.4576
12 1 8 0.4576
35 6 35 0.4577
20 8 17 0.4578
45 16 45 0.4578
21 9 16 0.4579
24 12 20 0.4579
17 7 13 0.4580
24 9 24 0.4580
23 4 20 0.4581
26 8 26 0.4581
32 12 28 0.4582
14 2 9 0.4583
15 8 12 0.4583
21 9 16 0.4584
8 2 6 0.4584
19 7 19 0.4585
22 10 19 0.4585
5 3 1 0.4586
25 10 18 0.4586
24 10 23 0.4587
34 15 30 0.4588
31 10 9 0.4588
13 2 9 0.4589
20 4 20 0.4589
68 37 3 0.4590
19 8 15 0.4590
34 16 34 0.4591
42 16 42 0.4591
25 11 18 0.4592
21 3 1 0.4592
38 15 37 0.4593
28 4 28 0.4594
25 8 20 0.4594
21 9 20 0.4595
14 9 14 0.4595
40 16 35 0.4596
28 9 20 0.4596
22 4 18 0.4597
37 15 35 0.4597
20 8 16 0.4598
27 8 23 0.4599
18 7 18 0.4599
20 8 15 0.4600
13 3 9 0.4600
39 15 34 0.4601
29 9 24 0.4601
27 4 23 0.4602
24 8 20 0.4602
7 3 3 0.4603
27 9 24 0.4603
22 12 17 0.4604
32 20 26 0.4605
14 2 14 0.4605
26 8 20 0.4606
30 6 8 0.4606
40 16 34 0.4607
0 0 0 0.4607
37 15 33 0.4608
42 16 41 0.4608
12 5 7 0.4609
22 10 20 0.4609
33 16 29 0.4610
28 11 21 0.4610
3 0 0 0.4611
7 3 6 0.4612
35 15 27 0.4612
25 9 25 0.4613
37 15 36 0.4613
26 8 19 0.4614
37 15 30 0.4614
27 4 24 0.4615
29 8 25 0.4615
34 16 32 0.4616
38 16 37 0.4616
39 16 35 0.4617
20 3 19 0.4618
35 13 31 0.4618
12 3 8 0.4619
36 15 29 0.4619
19 7 19 0.4620
10 7 10 0.4620
24 8 20 0.4621
28 4 17 0.4621
33 16 32 0.4622
29 10 29 0.4622
8 1 4 0.4623
31 7 24 0.4623
32 7 28 0.4624
31 12 29 0.4624
19 8 15 0.4625
12 8 9 0.4626
32 13 30 0.4626
25 8 21 0.4627
29 13 24 0.4627
36 16 32 0.4628
33 8 28 0.4628
27 13 23 0.4629
26 13 26 0.4629
17 7 13 0.4630
3 2 0 0.4630
17 5 11 0.4631
5 3 4 0.4631
30 11 23 0.4632
23 6 16 0.4632
24 7 19 0.4633
41 16 35 0.4633
22 9 16 0.4634
1 0 0 0.4634
27 10 25 0.4635
39 17 35 0.4636
20 8 13 0.4636
23 8 19 0.4637
16 4 10 0.4637
21 9 20 0.4638
26 14 25 0.4638
21 12 15 0.4639
8 6 8 0.4639
28 12 23 0.4640
27 15 27 0.4640
35 15 31 0.4641
24 2 21 0.4641
37 9 12 0.4642
21 9 17 0.4642
28 15 23 0.4643
21 9 16 0.4643
17 8 17 0.4644
24 11 18 0.4644
30 3 25 0.4645
36 12 31 0.4645
33 14 29 0.4646
17 4 17 0.4646
28 9 24 0.4647
14 2 10 0.4647
25 12 25 0.4648
7 2 0 0.4648
34 8 22 0.4649
32 5 29 0.4649
30 14 26 0.4650
9 3 5 0.4650
43 16 40 0.4651
17 9 16 0.4651
15 8 15 0.4652
21 8 17 0.4653
14 4 11 0.4653
25 10 24 0.4654
39 16 39 0.4654
24 14 20 0.4655
21 9 17 0.4655
20 8 16 0.4656
12 2 8 0.4656
25 8 21 0.4657
39 16 34 0.4657
21 8 16 0.4658
30 4 30 0.4658
32 13 25 0.4659
24 11 24 0.4659
18 7 16 0.4660
30 4 30 0.4660
34 11 28 0.4661
30 16 26 0.4661
16 4 12 0.4662
29 9 23 0.4662
27 2 22 0.4663
8 3 4 0.4663
28 12 24 0.4664
11 8 7 0.4664
25 10 24 0.4665
29 12 28 0.4665
27 10 19 0.4666
16 6 16 0.4666
0 0 0 0.4667
28 10 24 0.4667
41 16 36 0.4668
27 11 15 0.4668
42 17 42 0.4669
33 11 32 0.4669
26 5 23 0.4670
35 11 31 0.4670
36 13 36 0.4671
21 8 19 0.4671
37 13 35 0.4672
14 4 10 0.4672
29 11 28 0.4673
20 5 13 0.4673
25 11 20 0.4674
22 10 22 0.4674
39 6 34 0.4675
38 16 36 0.4675
19 7 15 0.4676
22 8 18 0.4676
13 3 13 0.4677
35 14 27 0.4677
25 8 25 0.4678
42 16 37 0.4678
27 10 24 0.4679
46 12 27 0.4679
11 1 2 0.4680
23 11 19 0.4680
22 9 18 0.4681
21 5 18 0.4681
30 8 26 0.4682
29 6 23 0.4683
40 17 37 0.4683
24 3 23 0.4684
20 4 20 0.4684
26 8 23 0.4685
25 12 25 0.4685
30 6 23 0.4686
19 7 14 0.4686
20 8 20 0.4687
20 7 17 0.4687
25 13 19 0.4688
17 6 13 0.4688
18 8 11 0.4689
43 19 43 0.4689
18 4 14 0.4690
26 9 22 0.4690
32 13 32 0.4691
31 10 27 0.4691
0 0 0 0.4691
25 4 11 0.4692
19 5 19 0.4692
35 13 32 0.4693
30 12 26 0.4693
32 5 32 0.4694
19 4 16 0.4694
42 16 39 0.4695
24 3 24 0.4695
39 15 38 0.4696
15 4 14 0.4696
42 16 40 0.4697
19 4 10 0.4697
28 12 27 0.4698
36 16 30 0.4698
38 16 34 0.4699
31 12 25 0.4699
20 8 15 0.4700
23 5 23 0.4700
13 6 7 0.4701
19 8 19 0.4701
22 4 22 0.4702
27 7 26 0.4702
18 5 18 0.4703
12 4 7 0.4703
10 1 3 0.4704
41 17 38 0.4704
32 12 24 0.4705
25 8 22 0.4705
31 5 27 0.4706
38 14 34 0.4706
16 9 9 0.4707
31 10 26 0.4707
4 3 4 0.4708
23 5 17 0.4708
23 10 20 0.4709
30 9 23 0.4709
0 0 0 0.4710
34 10 28 0.4710
21 8 19 0.4711
18 6 14 0.4711
28 18 24 0.4711
19 5 18 0.4712
34 13 27 0.4713
33 4 31 0.4713
28 7 21 0.4713
25 8 23 0.4714
15 4 11 0.4714
21 4 21 0.4715
17 1 9 0.4715
23 11 17 0.4716
17 8 12 0.4716
20 12 14 0.4716
40 16 35 0.4717
27 11 20 0.4717
16 8 12 0.4718
9 3 6 0.4718
28 7 19 0.4719
19 3 19 0.4719
34 4 29 0.4720
26 4 24 0.4720
12 6 8 0.4720
41 17 36 0.4721
21 8 17 0.4721
36 6 34 0.4722
15 3 9 0.4722
22 9 18 0.4723
29 6 27 0.4723
22 10 18 0.4723
39 16 39 0.4724
18 6 14 0.4724
18 6 18 0.4725
30 6 30 0.4725
15 4 14 0.4726
10 8 10 0.4726
33 13 30 0.4727
18 6 14 0.4727
16 7 12 0.4727
42 14 39 0.4728
17 4 14 0.4728
2 0 0 0.4729
24 8 20 0.4729
19 7 14 0.4730
0 0 0 0.4730
42 18 42 0.4730
9 3 7 0.4731
21 9 20 0.4731
18 8 8 0.4732
31 13 27 0.4732
19 5 18 0.4733
16 8 12 0.4733
28 12 28 0.4733
26 14 21 0.4734
39 13 8 0.4734
25 4 25 0.4735
27 4 27 0.4735
43 8 43 0.4736
25 13 21 0.4736
31 8 23 0.4736
11 3 10 0.4737
41 16 38 0.4737
31 12 23 0.4738
20 9 18 0.4738
35 11 30 0.4739
39 16 39 0.4739
37 5 35 0.4739
9 4 7 0.4740
21 12 16 0.4740
22 2 22 0.4741
11 5 4 0.4741
35 14 25 0.4742
38 16 34 0.4742
22 5 18 0.4742
16 1 14 0.4743
24 11 18 0.4743
37 13 33 0.4744
29 6 24 0.4744
40 16 37 0.4744
4 3 4 0.4745
19 4 18 0.4745
29 10 23 0.4746
28 9 26 0.4746
36 13 29 0.4747
29 14 22 0.4747
37 9 16 0.4747
40 16 21 0.4748
4 3 0 0.4748
8 7 4 0.4749
22 4 18 0.4749
20 7 17 0.4749
26 13 21 0.4750
35 15 28 0.4750
36 15 32 0.4751
24 8 21 0.4751
20 8 13 0.4752
19 8 15 0.4752
29 10 25 0.4752
22 9 22 0.4753
14 6 14 0.4753
23 11 19 0.4754
8 7 4 0.4754
17 7 11 0.4754
22 10 18 0.4755
28 15 23 0.4755
31 13 25 0.4756
25 8 25 0.4756
28 12 24 0.4757
28 8 23 0.4757
22 10 18 0.4757
32 16 27 0.4758
27 12 23 0.4758
40 10 40 0.4759
30 6 6 0.4759
18 9 14 0.4759
0 0 0 0.4760
13 8 9 0.4760
29 11 25 0.4761
28 15 20 0.4761
29 9 25 0.4762
24 4 20 0.4762
19 2 15 0.4762
27 13 20 0.4763
20 8 15 0.4763
28 13 24 0.4764
22 4 20 0.4764
3 0 0 0.4764
29 10 17 0.4765
25 12 22 0.4765
0 0 0 0.4766
18 10 14 0.4766
23 3 21 0.4766
15 4 14 0.4767
26 8 18 0.4767
24 4 20 0.4768
18 8 14 0.4768
18 2 17 0.4768
29 11 23 0.4769
29 10 22 0.4769
29 8 21 0.4770
20 5 14 0.4770
31 11 25 0.4771
17 4 13 0.4771
24 10 16 0.4771
20 8 17 0.4772
16 5 15 0.4772
32 12 28 0.4773
20 1 12 0.4773
22 8 14 0.4773
25 10 21 0.4774
23 10 23 0.4774
32 7 26 0.4775
32 12 29 0.4775
25 8 19 0.4775
23 11 15 0.4776
34 16 30 0.4776
26 3 25 0.4777
3 2 0 0.4777
28 10 27 0.4777
28 8 24 0.4778
24 8 19 0.4778
19 2 15 0.4779
14 7 14 0.4779
18 6 11 0.4779
34 10 27 0.4780
23 8 19 0.4780
22 8 20 0.4781
29 15 26 0.4781
40 16 40 0.4781
40 16 33 0.4782
4 4 4 0.4782
40 16 31 0.4783
33 10 27 0.4783
39 15 39 0.4783
16 9 12 0.4784
29 11 23 0.4784
44 16 44 0.4785
16 8 16 0.4785
16 8 8 0.4785
25 4 23 0.4786
0 0 0 0.4786
32 10 28 0.4787
25 4 21 0.4787
35 15 35 0.4787
17 8 17 0.4788
38 16 36 0.4788
25 9 19 0.4788
43 9 43 0.4789
18 5 14 0.4789
24 4 20 0.4790
30 15 26 0.4790
29 16 22 0.4791
17 7 13 0.4791
25 8 21 0.4791
27 8 22 0.4792
26 9 23 0.4792
30 9 24 0.4793
23 9 19 0.4793
12 3 8 0.4793
25 10 17 0.4794
33 11 33 0.4794
31 10 27 0.4794
27 12 26 0.4795
21 8 17 0.4795
27 5 25 0.4796
22 9 17 0.4796
21 9 20 0.4796
31 12 31 0.4797
26 9 20 0.4797
27 5 24 0.4798
39 14 32 0.4798
4 4 0 0.4798
21 8 17 0.4799
27 12 21 0.4799
23 10 23 0.4800
20 8 17 0.4800
24 10 24 0.4800
30 13 30 0.4801
18 10 14 0.4801
0 0 0 0.4801
29 11 29 0.4802
24 9 20 0.4802
15 4 15 0.4803
35 13 28 0.4803
36 21 17 0.4803
20 8 16 0.4804
18 6 17 0.4804
37 15 33 0.4805
22 13 21 0.4805
18 2 10 0.4805
23 11 17 0.4806
28 10 25 0.4806
3 0 0 0.4807
6 4 5 0.4807
34 17 30 0.4807
0 0 0 0.4808
26 8 22 0.4808
9 2 5 0.4808
26 5 18 0.4809
16 8 9 0.4809
45 16 41 0.4810
24 15 20 0.4810
8 3 4 0.4810
16 8 12 0.4811
19 8 15 0.4811
34 12 30 0.4812
26 7 26 0.4812
31 4 30 0.4812
0 0 0 0.4813
33 14 29 0.4813
14 4 14 0.4813
40 16 31 0.4814
28 7 26 0.4814
14 6 14 0.4815
9 5 5 0.4815
4 0 0 0.4815
20 3 16 0.4816
27 7 20 0.4816
17 1 17 0.4817
12 4 8 0.4817
22 9 12 0.4817
43 16 41 0.4818
16 8 12 0.4818
43 16 39 0.4819
49 13 42 0.4819
41 17 41 0.4819
24 8 16 0.4820
30 9 22 0.4820
22 4 20 0.4820
37 13 31 0.4821
30 9 21 0.4821
22 8 18 0.4821
3 2 3 0.4822
26 5 19 0.4822
38 14 31 0.4822
47 12 8 0.4823
38 15 33 0.4823
33 9 28 0.4823
26 4 26 0.4824
30 6 26 0.4824
44 13 39 0.4825
34 12 30 0.4825
38 16 34 0.4825
12 3 8 0.4826
26 11 23 0.4826
28 4 28 0.4826
23 9 20 0.4827
19 6 11 0.4827
32 9 29 0.4827
40 13 39 0.4828
30 12 24 0.4828
28 15 23 0.4828
35 14 30 0.4829
29 12 22 0.4829
3 0 0 0.4829
36 17 30 0.4830
30 10 27 0.4830
11 3 7 0.4830
41 16 38 0.4831
34 10 30 0.4831
17 7 16 0.4831
28 11 28 0.4832
11 3 7 0.4832
37 13 34 0.4833
36 13 33 0.4833
10 7 6 0.4833
24 8 24 0.4834
20 8 16 0.4834
19 8 15 0.4834
25 4 21 0.4835
30 9 26 0.4835
39 7 32 0.4835
32 14 24 0.4836
36 14 29 0.4836
17 4 17 0.4836
34 8 28 0.4837
42 18 39 0.4837
27 8 23 0.4837
20 6 11 0.4838
31 9 31 0.4838
40 13 37 0.4838
24 9 17 0.4839
10 3 6 0.4839
21 8 13 0.4839
22 8 17 0.4840
24 8 19 0.4840
17 5 10 0.4840
8 7 5 0.4841
23 4 19 0.4841
20 8 16 0.4841
39 16 36 0.4842
23 14 19 0.4842
23 10 19 0.4842
24 7 24 0.4843
25 4 21 0.4843
38 14 31 0.4843
21 9 17 0.4844
35 17 32 0.4844
17 5 9 0.4845
30 16 23 0.4845
21 7 17 0.4845
15 9 15 0.4846
44 16 44 0.4846
16 9 16 0.4846
23 9 19 0.4847
13 5 9 0.4847
35 15 32 0.4847
28 8 27 0.4848
38 16 31 0.4848
24 2 22 0.4848
37 16 30 0.4848
23 9 23 0.4849
34 8 21 0.4849
13 1 9 0.4849
14 4 10 0.4850
4 0 0 0.4850
31 10 30 0.4850
32 11 25 0.4851
23 9 22 0.4851
20 1 17 0.4851
7 3 3 0.4852
34 16 30 0.4852
44 12 43 0.4852
16 3 16 0.4853
32 10 27 0.4853
5 1 1 0.4854
26 8 22 0.4854
35 11 32 0.4854
0 0 0 0.4855
47 22 43 0.4855
27 4 23 0.4855
21 8 17 0.4856
26 8 21 0.4856
29 15 27 0.4856
6 3 3 0.4857
44 16 44 0.4857
30 4 26 0.4857
19 1 12 0.4858
24 12 24 0.4858
38 14 35 0.4858
40 16 35 0.4859
21 9 13 0.4859
40 16 36 0.4859
39 15 36 0.4860
38 14 37 0.4860
15 3 11 0.4860
14 9 10 0.4861
14 6 8 0.4861
16 5 12 0.4861
17 8 13 0.4862
27 3 23 0.4862
25 8 21 0.4862
28 9 24 0.4863
31 12 24 0.4863
14 3 10 0.4863
19 8 19 0.4864
8 7 4 0.4864
27 8 27 0.4864
22 8 20 0.4865
16 3 12 0.4865
30 8 23 0.4865
27 13 23 0.4866
41 17 34 0.4866
24 4 20 0.4866
5 3 2 0.4867
36 15 30 0.4867
32 9 24 0.4867
16 5 12 0.4868
25 8 17 0.4868
19 8 14 0.4868
34 11 30 0.4869
40 16 37 0.4869
32 16 28 0.4869
0 0 0 0.4870
24 2 20 0.4870
29 9 24 0.4870
20 8 9 0.4870
28 14 21 0.4871
25 1 21 0.4871
21 5 15 0.4871
18 8 8 0.4872
42 18 39 0.4872
36 18 31 0.4872
28 11 27 0.4873
30 5 26 0.4873
31 15 20 0.4873
34 13 27 0.4874
24 4 20 0.4874
29 10 24 0.4874
45 21 41 0.4875
11 4 8 0.4875
29 12 25 0.4875
29 12 24 0.4876
20 5 17 0.4876
20 8 18 0.4876
37 15 34 0.4877
41 8 37 0.4877
33 11 24 0.4877
27 8 19 0.4878
37 14 33 0.4878
27 14 21 0.4878
36 16 29 0.4879
27 11 21 0.4879
45 16 43 0.4879
5 3 3 0.4880
27 10 25 0.4880
28 11 20 0.4880
39 16 37 0.4881
20 8 18 0.4881
22 4 21 0.4881
30 12 24 0.4881
12 5 8 0.4882
33 15 30 0.4882
11 5 11 0.4882
23 3 13 0.4883
27 13 23 0.4883
33 14 28 0.4883
12 8 10 0.4884
42 16 42 0.4884
13 5 4 0.4884
24 8 18 0.4885
22 10 19 0.4885
35 11 34 0.4885
11 5 11 0.4886
30 14 22 0.4886
25 13 21 0.4886
25 9 19 0.4887
8 5 4 0.4887
27 14 20 0.4887
21 9 16 0.4887
15 4 8 0.4888
25 11 19 0.4889
24 8 23 0.4890
26 8 20 0.4890
21 9 13 0.4891
39 15 32 0.4891
7 2 4 0.4892
19 7 15 0.4892
10 3 9 0.4893
18 6 14 0.4893
18 3 16 0.4893
27 10 23 0.4894
30 9 23 0.4894
38 9 33 0.4895
23 8 18 0.4895
22 8 18 0.4896
37 16 29 0.4896
31 11 26 0.4897
31 6 24 0.4897
31 15 29 0.4898
18 7 13 0.4898
40 17 35 0.4899
28 2 25 0.4899
32 11 28 0.4899
44 18 44 0.4900
34 6 30 0.4900
27 8 22 0.4901
34 8 30 0.4901
34 12 21 0.4902
8 3 4 0.4902
33 10 27 0.4903
22 8 18 0.4903
36 16 32 0.4903
29 12 25 0.4904
28 9 21 0.4904
39 16 35 0.4905
12 8 12 0.4905
25 16 22 0.4905
33 15 32 0.4906
34 8 9 0.4906
37 5 29 0.4907
39 17 36 0.4907
37 14 30 0.4908
19 8 19 0.4908
37 16 31 0.4908
20 8 16 0.4909
31 12 25 0.4909
16 7 11 0.4910
24 8 20 0.4910
19 6 15 0.4911
21 9 16 0.4911
19 8 15 0.4911
25 9 20 0.4912
20 8 15 0.4912
20 4 20 0.4913
30 4 23 0.4913
28 13 24 0.4914
22 4 18 0.4914
10 3 6 0.4914
21 5 16 0.4915
0 0 0 0.4915
27 11 20 0.4916
34 6 30 0.4916
38 9 25 0.4917
26 11 18 0.4917
77 23 39 0.4917
30 12 27 0.4918
29 9 23 0.4918
31 4 30 0.4919
26 9 22 0.4919
19 8 13 0.4920
45 12 17 0.4920
40 10 40 0.4920
3 2 0 0.4921
0 0 0 0.4921
22 9 13 0.4922
26 4 21 0.4922
23 4 23 0.4923
33 5 31 0.4923
23 10 14 0.4923
9 3 5 0.4924
36 14 34 0.4924
21 8 17 0.4925
21 8 20 0.4925
4 3 3 0.4926
33 16 31 0.4926
32 5 32 0.4926
42 18 35 0.4927
39 16 37 0.4927
17 5 10 0.4928
13 3 9 0.4928
28 9 21 0.4928
27 8 23 0.4929
18 7 14 0.4929
23 4 23 0.4930
8 6 4 0.4930
35 14 28 0.4931
29 4 25 0.4931
17 5 13 0.4931
36 16 31 0.4932
21 4 19 0.4932
24 11 24 0.4933
35 16 31 0.4933
12 3 8 0.4933
12 1 6 0.4934
13 3 9 0.4934
24 4 23 0.4935
32 6 27 0.4935
26 4 26 0.4936
21 6 20 0.4936
24 9 20 0.4936
18 3 16 0.4937
33 12 25 0.4937
16 8 10 0.4938
24 10 20 0.4938
30 13 24 0.4938
30 8 30 0.4939
6 5 4 0.4939
50 13 24 0.4940
40 16 35 0.4940
37 8 30 0.4941
21 2 17 0.4941
25 10 25 0.4941
24 8 20 0.4942
7 3 1 0.4942
16 4 16 0.4943
27 8 27 0.4943
28 3 22 0.4943
38 16 38 0.4944
40 14 36 0.4944
20 8 15 0.4945
21 8 16 0.4945
20 8 16 0.4945
39 16 35 0.4946
31 14 31 0.4946
35 12 33 0.4947
21 9 20 0.4947
20 8 16 0.4947
22 10 13 0.4948
25 12 17 0.4948
20 8 16 0.4949
24 9 20 0.4949
19 4 15 0.4949
38 14 36 0.4950
29 11 19 0.4950
8 3 4 0.4951
33 15 26 0.4951
17 4 13 0.4951
8 3 4 0.4952
35 13 31 0.4952
22 8 18 0.4953
31 15 23 0.4953
40 16 38 0.4954
0 0 0 0.4954
24 10 20 0.4954
7 0 3 0.4955
19 7 12 0.4955
34 6 33 0.4956
34 12 27 0.4956
65 19 33 0.4956
32 12 25 0.4957
19 7 15 0.4957
31 4 28 0.4958
47 22 43 0.4958
34 15 27 0.4958
38 17 31 0.4959
23 11 16 0.4959
24 9 22 0.4960
25 4 25 0.4960
25 4 21 0.4960
30 11 22 0.4961
19 7 14 0.4961
37 15 28 0.4962
13 8 7 0.4962
25 10 17 0.4962
25 4 16 0.4963
33 16 29 0.4963
23 10 19 0.4964
42 17 40 0.4964
4 0 0 0.4965
0 0 0 0.4965
28 11 20 0.4965
8 4 8 0.4966
20 8 16 0.4966
33 15 29 0.4967
23 10 16 0.4967
22 8 15 0.4967
12 4 6 0.4968
20 8 16 0.4968
34 11 25 0.4969
22 10 17 0.4969
8 1 4 0.4969
35 16 31 0.4970
23 8 19 0.4970
39 15 32 0.4971
34 10 26 0.4971
37 14 26 0.4971
17 8 12 0.4972
33 16 29 0.4972
21 8 19 0.4973
21 9 13 0.4973
17 7 15 0.4973
33 15 27 0.4974
42 16 38 0.4974
34 14 31 0.4975
17 8 13 0.4975
18 6 11 0.4975
28 12 23 0.4976
39 10 32 0.4976
33 5 32 0.4976
36 13 28 0.4977
29 6 21 0.4977
0 0 0 0.4978
11 3 7 0.4978
10 0 3 0.4978
26 10 21 0.4979
36 11 34 0.4979
41 16 37 0.4980
31 15 24 0.4980
23 8 19 0.4980
23 8 19 0.4981
37 15 30 0.4981
25 8 17 0.4982
23 9 19 0.4982
43 18 40 0.4982
23 4 17 0.4983
30 15 23 0.4983
19 8 15 0.4984
30 10 30 0.4984
23 2 16 0.4984
21 8 21 0.4985
50 21 31 0.4985
28 14 24 0.4985
25 13 21 0.4986
23 4 23 0.4986
35 12 28 0.4987
8 1 8 0.4987
30 12 26 0.4987
16 7 15 0.4988
37 13 32 0.4988
33 11 29 0.4989
22 8 19 0.4989
27 9 17 0.4989
0 0 0 0.4990
32 20 19 0.4990
35 13 31 0.4991
37 16 37 0.4991
34 21 34 0.4991
35 15 32 0.4992
4 4 4 0.4992
8 3 4 0.4992
28 3 18 0.4993
30 3 25 0.4993
40 16 38 0.4994
19 5 14 0.4994
0 0 0 0.4995
29 14 20 0.4995
28 12 21 0.4995
22 4 18 0.4996
13 6 9 0.4996
14 2 13 0.4996
27 4 23 0.4997
3 2 0 0.4997
21 9 17 0.4998
27 10 19 0.4998
17 5 11 0.4998
74 20 6 0.4999
11 3 7 0.4999
7 3 3 0.5000
27 9 23 0.5000
29 8 19 0.5000
36 12 35 0.5001
32 13 27 0.5001
18 7 14 0.5002
55 22 38 0.5002
43 11 36 0.5002
37 13 36 0.5003
33 12 29 0.5003
20 8 16 0.5003
44 11 20 0.5004
37 15 34 0.5004
30 16 26 0.5005
42 13 27 0.5005
22 4 21 0.5005
27 10 23 0.5006
17 1 12 0.5006
16 6 9 0.5006
32 15 25 0.5007
21 13 20 0.5007
26 8 22 0.5008
22 8 18 0.5008
22 4 18 0.5008
25 6 20 0.5009
37 9 19 0.5009
30 9 24 0.5010
6 3 3 0.5010
24 4 21 0.5010
31 8 24 0.5011
27 11 27 0.5011
24 8 18 0.5011
27 5 3 0.5012
43 18 39 0.5012
23 4 19 0.5013
40 14 36 0.5013
29 11 28 0.5013
27 9 20 0.5014
21 8 17 0.5014
12 5 8 0.5014
15 6 11 0.5015
21 8 17 0.5015
16 1 14 0.5016
41 17 33 0.5016
19 8 14 0.5016
16 8 12 0.5017
26 13 22 0.5017
30 14 26 0.5017
39 15 34 0.5018
24 15 20 0.5018
21 4 17 0.5019
26 14 24 0.5019
41 16 35 0.5019
30 9 26 0.5020
18 7 12 0.5020
27 4 27 0.5020
31 4 31 0.5021
37 12 28 0.5021
32 10 32 0.5022
28 10 22 0.5022
29 11 24 0.5022
26 9 19 0.5023
40 10 18 0.5023
23 6 17 0.5023
19 8 14 0.5024
14 4 11 0.5024
15 7 14 0.5024
24 15 20 0.5025
17 8 10 0.5025
20 8 14 0.5026
26 10 22 0.5026
30 12 24 0.5026
29 5 21 0.5027
34 14 29 0.5027
24 8 20 0.5027
27 9 21 0.5028
36 12 32 0.5028
43 14 21 0.5028
38 15 10 0.5029
56 24 27 0.5029
35 15 32 0.5030
17 4 13 0.5030
16 6 12 0.5030
37 21 32 0.5031
27 11 12 0.5031
29 10 16 0.5031
0 0 0 0.5032
32 5 28 0.5032
31 9 25 0.5032
40 10 19 0.5033
35 11 27 0.5033
26 8 26 0.5034
28 15 25 0.5034
33 11 29 0.5034
29 11 23 0.5035
28 9 24 0.5035
16 4 12 0.5035
15 3 9 0.5036
25 8 20 0.5036
16 3 12 0.5036
12 2 8 0.5037
16 5 9 0.5037
28 7 24 0.5038
39 15 35 0.5038
16 8 11 0.5038
37 17 31 0.5039
8 0 4 0.5039
23 8 19 0.5039
22 9 16 0.5040
36 13 32 0.5040
38 16 37 0.5041
34 14 25 0.5041
10 7 6 0.5041
8 3 4 0.5042
18 3 17 0.5042
34 12 26 0.5042
30 15 23 0.5043
27 7 23 0.5043
30 3 23 0.5043
33 10 27 0.5044
46 23 33 0.5044
42 16 42 0.5045
23 4 16 0.5045
2 0 0 0.5045
38 16 38 0.5046
16 4 16 0.5046
19 2 13 0.5046
39 15 37 0.5047
17 1 5 0.5047
7 3 3 0.5047
24 4 20 0.5048
27 9 23 0.5048
24 9 24 0.5048
14 7 6 0.5049
17 8 13 0.5049
29 11 20 0.5050
30 13 26 0.5050
0 0 0 0.5050
24 7 20 0.5051
29 11 25 0.5051
21 13 17 0.5051
39 16 34 0.5052
20 8 19 0.5052
26 10 22 0.5052
29 9 23 0.5053
29 9 24 0.5053
27 4 23 0.5053
22 4 20 0.5054
40 16 34 0.5054
12 8 8 0.5055
19 6 13 0.5055
26 14 19 0.5055
46 16 43 0.5056
35 16 30 0.5056
18 6 12 0.5056
34 9 30 0.5057
29 10 21 0.5057
25 13 21 0.5057
30 6 25 0.5058
34 15 29 0.5058
32 15 28 0.5058
30 11 23 0.5059
28 11 24 0.5059
22 10 18 0.5059
25 10 21 0.5060
29 10 24 0.5060
21 8 17 0.5061
31 15 27 0.5061
18 4 14 0.5061
22 3 15 0.5062
22 9 16 0.5062
65 17 22 0.5062
39 10 28 0.5063
21 6 17 0.5063
22 8 17 0.5063
23 5 19 0.5064
30 13 20 0.5064
20 8 16 0.5065
21 3 16 0.5065
10 1 8 0.5065
24 5 22 0.5066
11 3 7 0.5066
27 3 22 0.5066
22 9 18 0.5067
10 8 6 0.5067
21 9 16 0.5067
31 11 23 0.5068
20 5 19 0.5068
17 5 17 0.5068
42 16 38 0.5069
17 5 13 0.5069
35 15 31 0.5069
20 8 16 0.5070
22 8 18 0.5070
34 12 20 0.5070
30 3 23 0.5071
28 10 20 0.5071
21 8 15 0.5072
37 16 30 0.5072
43 9 41 0.5072
26 13 22 0.5073
34 10 34 0.5073
28 12 24 0.5073
33 14 24 0.5074
21 8 15 0.5074
39 15 31 0.5074
4 1 1 0.5075
22 8 18 0.5075
32 5 31 0.5075
4 1 3 0.5076
24 4 20 0.5076
27 8 26 0.5076
28 4 26 0.5077
25 12 17 0.5077
23 4 19 0.5078
17 8 14 0.5078
6 1 6 0.5078
31 15 21 0.5079
29 3 21 0.5079
23 10 19 0.5079
4 3 0 0.5080
11 3 7 0.5080
29 4 25 0.5080
36 7 31 0.5081
32 16 17 0.5081
19 7 12 0.5081
14 2 11 0.5082
22 5 16 0.5082
37 16 37 0.5082
11 3 7 0.5083
36 12 29 0.5083
24 3 19 0.5083
35 12 30 0.5084
18 3 14 0.5084
26 11 24 0.5084
34 6 30 0.5085
26 13 18 0.5085
40 16 40 0.5085
46 12 15 0.5086
34 10 26 0.5086
26 8 22 0.5087
18 7 13 0.5087
9 6 6 0.5087
30 8 26 0.5088
28 4 24 0.5088
26 10 22 0.5088
43 15 28 0.5089
34 6 33 0.5089
25 2 21 0.5089
34 16 27 0.5090
14 7 12 0.5090
29 12 21 0.5090
30 13 25 0.5091
22 10 18 0.5091
28 10 23 0.5091
33 12 33 0.5092
0 0 0 0.5092
30 9 25 0.5092
40 16 36 0.5093
26 11 23 0.5093
24 8 20 0.5093
42 18 40 0.5094
19 7 15 0.5094
35 5 30 0.5094
34 16 30 0.5095
29 11 25 0.5095
16 4 16 0.5096
39 16 34 0.5096
18 4 14 0.5096
38 13 34 0.5097
12 5 12 0.5097
31 6 25 0.5097
37 16 33 0.5098
26 13 22 0.5098
31 12 5 0.5098
18 6 9 0.5099
28 11 22 0.5099
29 9 23 0.5099
3 0 0 0.5100
30 15 21 0.5100
3 2 0 0.5100
26 6 22 0.5101
37 16 33 0.5101
3 2 1 0.5101
33 4 28 0.5102
28 15 22 0.5102
36 15 32 0.5102
37 16 37 0.5103
18 7 12 0.5103
10 3 5 0.5103
40 14 39 0.5104
13 9 9 0.5104
13 8 10 0.5104
33 5 29 0.5105
32 7 26 0.5105
52 19 21 0.5105
44 16 44 0.5106
26 10 22 0.5106
31 16 29 0.5106
13 2 9 0.5107
17 4 13 0.5107
24 9 17 0.5107
22 8 16 0.5108
16 4 10 0.5108
25 8 17 0.5108
22 2 16 0.5109
38 15 33 0.5109
29 8 19 0.5109
24 8 20 0.5110
23 8 19 0.5110
27 11 22 0.5110
31 8 31 0.5111
15 5 10 0.5111
33 8 14 0.5111
26 12 19 0.5112
22 8 16 0.5112
31 10 27 0.5112
27 9 21 0.5113
29 11 21 0.5113
28 4 24 0.5113
19 4 15 0.5114
31 10 10 0.5114
34 12 29 0.5114
23 8 18 0.5115
42 18 36 0.5115
36 6 36 0.5115
27 10 19 0.5116
3 0 0 0.5116
29 12 25 0.5116
34 4 31 0.5117
10 6 3 0.5117
32 7 10 0.5118
24 10 18 0.5118
22 8 21 0.5118
11 3 7 0.5119
36 13 31 0.5119
39 15 35 0.5119
39 16 34 0.5120
26 9 22 0.5120
29 16 25 0.5120
20 5 20 0.5121
9 6 5 0.5121
10 3 6 0.5121
33 12 27 0.5122
0 0 0 0.5122
34 15 30 0.5122
31 4 26 0.5123
26 17 24 0.5123
4 0 4 0.5123
21 8 17 0.5124
22 4 19 0.5124
32 6 26 0.5124
24 8 22 0.5125
43 11 19 0.5125
27 11 23 0.5125
21 2 16 0.5125
15 4 12 0.5126
30 9 30 0.5127
31 11 26 0.5127
37 9 28 0.5127
19 9 13 0.5128
26 5 24 0.5128
38 12 37 0.5128
30 19 26 0.5128
40 16 35 0.5129
25 9 21 0.5129
36 14 32 0.5129
30 8 26 0.5129
10 4 6 0.5130
27 9 23 0.5130
40 16 38 0.5130
12 3 8 0.5130
47 18 23 0.5130
61 22 40 0.5131
30 19 26 0.5131
14 3 8 0.5131
24 8 19 0.5131
33 14 28 0.5132
40 10 23 0.5132
19 9 16 0.5132
20 7 16 0.5132
23 11 19 0.5133
36 14 31 0.5133
32 5 21 0.5133
13 8 10 0.5133
16 5 9 0.5134
0 0 0 0.5134
33 11 29 0.5134
24 11 15 0.5134
28 9 23 0.5134
0 0 0 0.5135
27 9 23 0.5135
18 1 16 0.5135
17 5 13 0.5135
18 7 14 0.5136
30 6 21 0.5136
12 3 12 0.5136
36 15 31 0.5136
8 2 2 0.5137
33 9 29 0.5137
34 6 30 0.5137
33 12 29 0.5137
13 3 9 0.5138
4 4 0 0.5138
37 11 33 0.5138
40 12 18 0.5138
34 16 30 0.5139
28 11 24 0.5139
32 13 26 0.5139
34 6 33 0.5139
41 17 35 0.5139
24 8 24 0.5140
39 16 39 0.5140
33 10 27 0.5140
18 7 14 0.5140
42 16 38 0.5141
8 3 6 0.5141
20 9 16 0.5141
23 10 19 0.5141
12 3 8 0.5142
50 24 35 0.5142
26 8 25 0.5142
12 6 12 0.5142
15 1 7 0.5143
32 5 27 0.5143
16 4 12 0.5143
34 16 26 0.5143
25 10 22 0.5143
16 9 14 0.5144
43 19 41 0.5144
34 14 31 0.5144
24 4 20 0.5144
19 8 13 0.5145
17 8 17 0.5145
24 11 19 0.5145
38 10 34 0.5145
29 12 21 0.5146
38 16 33 0.5146
40 16 36 0.5146
23 11 16 0.5146
7 3 4 0.5147
24 10 17 0.5147
24 9 18 0.5147
33 10 29 0.5147
23 10 18 0.5147
27 8 18 0.5148
45 12 22 0.5148
30 6 24 0.5148
19 7 19 0.5148
33 15 27 0.5149
24 7 17 0.5149
40 16 37 0.5149
26 13 18 0.5149
17 5 8 0.5150
30 10 18 0.5150
30 4 24 0.5150
33 15 28 0.5150
39 16 35 0.5150
27 9 18 0.5151
12 8 12 0.5151
43 18 36 0.5151
19 4 18 0.5151
29 11 25 0.5152
23 4 19 0.5152
15 4 10 0.5152
38 15 33 0.5152
32 9 28 0.5153
31 15 24 0.5153
19 8 16 0.5153
36 12 30 0.5153
35 15 30 0.5153
21 8 17 0.5154
23 9 19 0.5154
41 16 39 0.5154
15 2 11 0.5154
28 11 24 0.5155
34 6 32 0.5155
46 18 42 0.5155
12 3 8 0.5155
37 9 37 0.5155
38 14 36 0.5156
28 10 23 0.5156
39 10 34 0.5156
29 16 25 0.5156
35 16 28 0.5157
0 0 0 0.5157
17 5 13 0.5157
26 11 22 0.5157
12 3 8 0.5157
20 9 20 0.5158
15 1 7 0.5158
30 10 20 0.5158
28 10 24 0.5158
31 11 27 0.5159
30 11 29 0.5159
21 8 14 0.5159
30 3 23 0.5159
12 3 8 0.5160
35 6 35 0.5160
21 8 17 0.5160
38 22 16 0.5160
27 4 23 0.5160
11 4 11 0.5161
30 8 23 0.5161
33 16 26 0.5161
16 4 15 0.5161
43 17 39 0.5162
21 1 16 0.5162
25 16 21 0.5162
38 12 29 0.5162
25 10 21 0.5162
31 8 27 0.5163
33 13 32 0.5163
20 4 20 0.5163
32 7 9 0.5163
35 6 34 0.5164
14 4 13 0.5164
14 9 10 0.5164
22 13 18 0.5164
25 12 21 0.5165
16 4 12 0.5165
19 9 16 0.5165
38 16 36 0.5165
16 9 16 0.5166
20 4 17 0.5166
43 16 37 0.5166
24 4 21 0.5166
21 9 15 0.5166
27 9 23 0.5167
47 20 41 0.5167
24 9 14 0.5167
36 12 33 0.5167
33 9 27 0.5167
38 21 19 0.5168
17 5 11 0.5168
29 15 25 0.5168
19 8 15 0.5168
22 4 22 0.5169
26 4 22 0.5169
32 15 25 0.5169
40 16 40 0.5169
23 8 19 0.5170
36 16 32 0.5170
54 13 22 0.5170
16 2 16 0.5170
14 3 3 0.5170
36 21 32 0.5171
2 0 0 0.5171
0 0 0 0.5171
21 9 17 0.5171
41 16 22 0.5172
31 12 25 0.5172
4 3 0 0.5172
15 2 11 0.5172
16 7 12 0.5172
22 8 21 0.5173
19 7 19 0.5173
24 12 16 0.5173
23 8 22 0.5173
14 6 7 0.5174
18 8 14 0.5174
14 4 10 0.5174
43 19 39 0.5174
33 17 25 0.5174
41 18 41 0.5175
17 8 13 0.5175
32 17 29 0.5175
24 12 19 0.5175
33 12 27 0.5176
31 10 25 0.5176
23 8 17 0.5176
12 2 8 0.5176
24 8 20 0.5176
34 8 28 0.5177
46 16 46 0.5177
29 4 25 0.5177
33 8 11 0.5177
32 12 28 0.5177
20 9 19 0.5178
41 16 35 0.5178
23 4 19 0.5178
43 11 24 0.5178
27 8 19 0.5179
16 8 11 0.5179
29 9 18 0.5179
28 12 18 0.5179
19 8 16 0.5179
19 7 19 0.5180
14 4 13 0.5180
32 9 25 0.5180
33 8 12 0.5180
29 12 25 0.5181
47 20 40 0.5181
47 13 28 0.5181
17 6 13 0.5181
100 56 37 0.5181
32 5 25 0.5182
8 3 3 0.5182
27 8 27 0.5182
22 8 18 0.5182
15 5 11 0.5183
19 7 14 0.5183
0 0 0 0.5183
20 9 20 0.5183
29 4 23 0.5183
20 9 19 0.5184
43 14 33 0.5184
0 0 0 0.5184
17 8 13 0.5184
18 8 14 0.5185
42 16 39 0.5185
19 9 16 0.5185
32 6 32 0.5185
43 11 12 0.5185
11 6 7 0.5186
37 15 30 0.5186
27 11 16 0.5186
24 11 10 0.5186
24 9 20 0.5186
40 23 40 0.5187
1 0 0 0.5187
31 7 26 0.5187
26 8 20 0.5187
21 7 21 0.5188
27 9 19 0.5188
26 4 26 0.5188
37 9 21 0.5188
34 8 12 0.5188
27 10 20 0.5189
15 9 15 0.5189
34 13 34 0.5189
36 12 33 0.5189
37 9 31 0.5190
9 2 8 0.5190
33 10 26 0.5190
9 0 8 0.5190
15 8 11 0.5190
23 11 18 0.5191
14 0 12 0.5191
16 7 11 0.5191
37 13 37 0.5191
36 15 12 0.5191
20 4 16 0.5192
39 10 13 0.5192
28 10 24 0.5192
32 15 28 0.5192
22 8 16 0.5192
28 3 20 0.5193
51 14 30 0.5193
20 9 18 0.5193
33 10 29 0.5193
38 14 32 0.5193
20 8 15 0.5194
24 4 24 0.5194
38 9 25 0.5194
25 16 14 0.5194
20 8 12 0.5194
38 14 32 0.5195
28 7 16 0.5195
29 8 29 0.5195
41 17 37 0.5195
14 6 7 0.5196
36 21 28 0.5196
33 11 30 0.5196
56 14 30 0.5196
33 5 33 0.5196
45 20 45 0.5197
17 7 9 0.5197
32 15 28 0.5197
30 7 7 0.5197
22 9 15 0.5197
41 16 37 0.5198
35 14 31 0.5198
20 7 14 0.5198
40 12 19 0.5198
47 19 44 0.5199
21 9 17 0.5199
32 10 24 0.5199
26 3 22 0.5199
4 3 0 0.5199
27 11 20 0.5200
7 1 7 0.5200
18 7 18 0.5200
19 8 15 0.5200
18 7 18 0.5200
28 15 24 0.5201
37 13 33 0.5201
35 11 27 0.5201
27 11 23 0.5201
33 10 21 0.5201
37 9 15 0.5202
39 15 37 0.5202
20 8 14 0.5202
24 3 11 0.5202
16 8 12 0.5202
40 16 38 0.5203
41 16 39 0.5203
27 15 19 0.5203
22 4 18 0.5203
33 12 25 0.5203
45 16 29 0.5204
43 19 40 0.5204
22 9 18 0.5204
38 22 26 0.5204
21 8 17 0.5205
40 10 24 0.5205
27 9 17 0.5205
32 11 28 0.5205
26 8 26 0.5205
13 2 9 0.5206
36 9 31 0.5206
36 16 29 0.5206
38 15 38 0.5206
18 8 14 0.5206
24 15 21 0.5207
30 14 22 0.5207
3 0 0 0.5207
37 8 32 0.5207
21 4 17 0.5208
27 10 19 0.5208
28 8 20 0.5208
13 6 4 0.5208
30 14 22 0.5208
18 5 14 0.5209
44 16 44 0.5209
38 14 38 0.5209
25 13 18 0.5209
28 15 22 0.5209
12 4 8 0.5210
27 10 20 0.5210
11 8 7 0.5210
18 4 14 0.5210
8 0 4 0.5210
20 8 15 0.5211
21 8 17 0.5211
12 5 10 0.5211
39 16 35 0.5211
22 8 14 0.5211
38 15 38 0.5212
25 9 21 0.5212
27 9 18 0.5212
24 6 23 0.5212
21 8 18 0.5212
28 5 10 0.5213
29 5 19 0.5213
44 15 25 0.5213
32 5 29 0.5213
28 9 23 0.5213
25 12 19 0.5214
38 16 31 0.5214
18 4 14 0.5214
17 4 16 0.5214
17 7 13 0.5214
16 8 8 0.5215
14 6 9 0.5215
42 18 40 0.5215
30 14 26 0.5215
33 12 29 0.5216
37 9 17 0.5216
23 8 13 0.5216
27 5 23 0.5216
24 12 17 0.5216
31 12 18 0.5217
35 12 31 0.5217
31 7 24 0.5217
14 1 10 0.5217
23 6 15 0.5217
23 7 19 0.5217
16 4 10 0.5218
40 17 36 0.5218
26 13 22 0.5218
25 2 23 0.5218
28 3 22 0.5218
27 9 24 0.5219
27 8 23 0.5219
23 10 20 0.5219
21 8 17 0.5219
34 8 29 0.5219
32 15 23 0.5220
4 3 1 0.5220
24 4 20 0.5220
43 18 39 0.5220
23 10 19 0.5221
39 7 35 0.5221
40 8 40 0.5221
17 6 12 0.5221
27 5 8 0.5221
23 8 16 0.5222
24 9 20 0.5222
30 16 24 0.5222
20 8 8 0.5222
20 4 12 0.5222
22 1 16 0.5223
45 12 18 0.5223
17 4 9 0.5223
20 8 16 0.5223
35 16 35 0.5223
57 22 42 0.5223
20 8 16 0.5224
30 9 26 0.5224
26 4 22 0.5224
24 8 20 0.5224
32 9 27 0.5224
19 4 17 0.5225
13 6 7 0.5225
5 1 1 0.5225
39 17 35 0.5225
33 4 28 0.5225
44 11 23 0.5226
26 10 26 0.5226
24 15 22 0.5226
18 8 14 0.5226
15 3 11 0.5226
19 1 11 0.5227
36 11 30 0.5227
20 8 14 0.5227
11 3 7 0.5227
22 8 18 0.5227
14 5 10 0.5228
17 8 13 0.5228
32 15 25 0.5228
34 21 30 0.5228
13 1 8 0.5228
35 11 33 0.5229
12 3 8 0.5229
8 1 4 0.5229
35 16 26 0.5229
30 10 26 0.5229
30 10 27 0.5230
33 16 27 0.5230
18 8 13 0.5230
36 15 36 0.5230
4 3 0 0.5230
23 8 19 0.5231
20 4 16 0.5231
32 4 31 0.5231
0 0 0 0.5231
28 5 25 0.5231
13 1 9 0.5232
37 13 30 0.5232
25 4 21 0.5232
13 3 9 0.5232
34 12 29 0.5232
20 8 19 0.5232
18 7 9 0.5233
45 16 41 0.5233
43 18 41 0.5233
33 12 29 0.5233
35 13 25 0.5233
40 16 40 0.5234
4 1 1 0.5234
13 7 12 0.5234
19 8 7 0.5234
40 8 36 0.5234
39 16 38 0.5235
12 3 8 0.5235
25 9 18 0.5235
28 4 24 0.5235
27 10 23 0.5235
40 16 38 0.5236
19 2 15 0.5236
20 4 16 0.5236
14 8 5 0.5236
10 7 6 0.5236
0 0 0 0.5237
22 4 22 0.5237
22 8 18 0.5237
25 12 21 0.5237
8 3 4 0.5237
4 0 0 0.5238
29 14 24 0.5238
17 3 14 0.5238
24 10 17 0.5238
17 8 15 0.5238
10 3 6 0.5239
39 14 17 0.5239
40 16 35 0.5239
21 8 17 0.5239
35 11 29 0.5239
34 6 29 0.5240
18 7 13 0.5240
13 8 9 0.5240
13 5 6 0.5240
11 4 7 0.5240
31 10 27 0.5241
24 2 18 0.5241
34 16 30 0.5241
27 7 26 0.5241
13 8 9 0.5241
28 4 24 0.5242
24 12 19 0.5242
0 0 0 0.5242
9 6 0 0.5242
26 6 19 0.5242
34 5 32 0.5242
8 1 4 0.5243
34 18 28 0.5243
27 9 27 0.5243
32 14 28 0.5243
8 3 4 0.5243
23 9 19 0.5244
14 3 10 0.5244
27 12 19 0.5244
40 16 40 0.5244
60 21 37 0.5244
17 4 17 0.5245
12 1 6 0.5245
32 12 21 0.5245
20 8 17 0.5245
27 13 25 0.5245
21 9 16 0.5246
5 4 1 0.5246
38 6 38 0.5246
28 9 24 0.5246
41 13 17 0.5246
14 2 14 0.5247
20 8 16 0.5247
39 16 39 0.5247
30 10 21 0.5247
39 22 24 0.5247
23 9 19 0.5247
25 8 18 0.5248
38 14 34 0.5248
26 4 24 0.5248
31 11 21 0.5248
33 12 26 0.5248
31 10 27 0.5249
32 12 28 0.5249
41 16 39 0.5249
35 15 32 0.5249
12 4 4 0.5249
16 5 12 0.5250
34 16 28 0.5250
39 15 35 0.5250
10 4 3 0.5250
23 9 16 0.5250
34 16 30 0.5251
19 8 19 0.5251
6 1 6 0.5251
12 7 11 0.5251
28 14 24 0.5251
29 9 25 0.5251
0 0 0 0.5252
40 13 37 0.5252
16 8 10 0.5252
20 9 20 0.5252
28 14 24 0.5253
30 10 22 0.5253
4 3 0 0.5253
12 5 8 0.5253
31 5 29 0.5253
26 8 20 0.5254
43 13 40 0.5254
37 13 33 0.5254
28 4 24 0.5254
37 15 30 0.5254
42 17 38 0.5254
35 15 29 0.5255
0 0 0 0.5255
34 13 28 0.5255
31 17 24 0.5255
28 10 24 0.5255
26 15 23 0.5256
0 0 0 0.5256
14 7 10 0.5256
35 13 28 0.5256
33 16 28 0.5256
31 15 26 0.5257
17 10 16 0.5257
31 4 31 0.5257
8 3 4 0.5257
31 15 29 0.5257
35 11 29 0.5258
30 4 26 0.5258
17 9 7 0.5258
33 5 13 0.5258
27 3 24 0.5258
32 12 15 0.5258
60 18 39 0.5259
9 3 5 0.5259
30 14 25 0.5259
17 5 10 0.5259
22 9 13 0.5259
29 9 29 0.5260
43 16 42 0.5260
37 12 36 0.5260
30 12 23 0.5260
40 17 38 0.5260
30 9 25 0.5261
33 8 17 0.5261
23 3 20 0.5261
20 8 16 0.5261
29 15 23 0.5261
28 5 12 0.5261
21 8 21 0.5262
29 5 24 0.5262
19 8 15 0.5262
26 11 19 0.5262
13 8 9 0.5262
29 6 17 0.5263
12 1 5 0.5263
12 8 8 0.5263
32 5 32 0.5263
21 1 17 0.5263
39 15 30 0.5263
35 11 31 0.5264
35 15 32 0.5264
0 0 0 0.5264
26 3 20 0.5264
14 2 6 0.5264
30 12 21 0.5265
13 6 8 0.5265
52 22 42 0.5265
32 7 17 0.5265
30 11 26 0.5265
14 4 12 0.5266
38 14 35 0.5266
14 4 10 0.5266
35 9 30 0.5266
21 9 19 0.5266
21 3 20 0.5266
36 16 33 0.5267
16 8 12 0.5267
31 4 24 0.5267
38 15 36 0.5267
34 11 29 0.5267
18 6 18 0.5268
28 15 26 0.5268
16 1 7 0.5268
30 7 27 0.5268
35 14 34 0.5268
8 7 4 0.5269
35 14 31 0.5269
34 16 31 0.5269
66 20 25 0.5269
16 4 14 0.5269
45 12 21 0.5269
8 3 4 0.5270
20 8 20 0.5270
76 30 20 0.5270
22 2 14 0.5270
33 5 29 0.5270
41 11 31 0.5271
26 9 20 0.5271
37 13 30 0.5271
26 13 22 0.5271
36 13 31 0.5271
46 16 43 0.5271
23 4 23 0.5272
23 10 15 0.5272
8 6 4 0.5272
34 11 26 0.5272
21 7 14 0.5272
16 3 12 0.5273
30 8 25 0.5273
25 8 16 0.5273
17 4 13 0.5273
20 8 16 0.5273
28 11 23 0.5273
26 13 21 0.5274
34 15 28 0.5274
40 13 33 0.5274
27 14 22 0.5274
39 15 35 0.5274
41 13 37 0.5275
40 16 36 0.5275
15 9 14 0.5275
18 4 12 0.5275
24 4 17 0.5275
42 16 42 0.5276
21 13 16 0.5276
30 11 15 0.5276
19 7 11 0.5276
38 8 36 0.5276
18 7 14 0.5276
27 7 22 0.5276
1 0 0 0.5277
17 8 13 0.5277
43 17 43 0.5277
35 12 30 0.5277
29 8 28 0.5277
24 4 20 0.5278
31 12 27 0.5278
39 16 34 0.5278
23 8 19 0.5278
9 7 8 0.5278
20 8 8 0.5279
34 16 30 0.5279
18 3 10 0.5279
31 13 27 0.5279
33 12 29 0.5279
30 15 23 0.5279
33 13 24 0.5280
19 3 17 0.5280
27 14 22 0.5280
35 9 20 0.5280
27 5 27 0.5280
26 2 20 0.5280
15 5 14 0.5281
39 16 32 0.5281
39 15 35 0.5281
36 13 19 0.5281
2 0 0 0.5281
36 17 34 0.5282
24 12 18 0.5282
17 5 13 0.5282
34 11 28 0.5282
30 9 23 0.5282
22 9 21 0.5282
33 15 23 0.5283
42 11 40 0.5283
19 3 15 0.5283
37 6 37 0.5283
0 0 0 0.5283
36 15 35 0.5284
27 4 23 0.5284
45 17 45 0.5284
16 6 8 0.5284
0 0 0 0.5285
36 9 27 0.5285
35 12 31 0.5285
25 9 21 0.5285
35 15 31 0.5286
25 8 21 0.5286
27 8 20 0.5286
17 7 10 0.5286
34 21 15 0.5287
12 3 12 0.5287
5 3 4 0.5287
23 10 22 0.5287
31 9 23 0.5288
24 12 23 0.5288
0 0 0 0.5288
8 0 8 0.5288
24 11 17 0.5289
16 7 13 0.5289
12 6 11 0.5289
22 8 17 0.5290
12 7 11 0.5290
26 14 25 0.5290
19 8 14 0.5290
24 8 20 0.5291
8 3 8 0.5291
8 3 8 0.5291
0 0 0 0.5291
20 8 19 0.5292
0 0 0 0.5292
15 7 13 0.5292
12 3 12 0.5292
20 1 15 0.5293
8 3 6 0.5293
8 0 8 0.5293
24 3 3 0.5293
23 9 23 0.5294
46 18 41 0.5294
28 4 26 0.5294
33 16 31 0.5294
23 8 19 0.5294
24 8 20 0.5295
15 4 11 0.5295
17 5 11 0.5295
18 9 8 0.5295
34 6 30 0.5295
25 8 21 0.5295
33 13 26 0.5295
25 11 21 0.5295
25 11 21 0.5295
47 19 47 0.5296
15 8 11 0.5296
17 7 11 0.5296
5 3 3 0.5296
39 22 39 0.5296
23 11 15 0.5296
34 10 33 0.5296
0 0 0 0.5296
19 7 12 0.5296
20 8 18 0.5297
42 17 40 0.5297
41 17 41 0.5297
25 8 23 0.5297
28 15 24 0.5297
26 9 21 0.5297
16 9 12 0.5297
21 8 13 0.5297
12 3 12 0.5297
9 3 6 0.5298
38 16 35 0.5298
33 12 27 0.5298
10 3 6 0.5298
18 7 12 0.5298
25 8 21 0.5298
20 8 15 0.5298
29 8 23 0.5298
29 11 28 0.5299
19 3 11 0.5299
7 3 3 0.5299
4 4 0 0.5299
22 8 18 0.5299
16 8 16 0.5299
20 4 16 0.5299
45 13 43 0.5299
16 5 16 0.5299
5 3 5 0.5300
33 15 28 0.5300
0 0 0 0.5300
28 7 23 0.5300
28 8 21 0.5300
30 4 26 0.5300
23 8 19 0.5300
38 14 34 0.5300
10 0 6 0.5300
4 0 0 0.5301
39 16 39 0.5301
17 10 13 0.5301
35 16 29 0.5301
8 3 4 0.5301
24 15 20 0.5301
38 16 38 0.5301
12 2 8 0.5301
24 9 17 0.5302
69 39 32 0.5302
39 13 35 0.5302
30 15 29 0.5302
43 23 27 0.5302
26 4 15 0.5302
12 4 12 0.5302
12 1 12 0.5302
19 7 13 0.5302
29 12 27 0.5303
20 4 16 0.5303
35 21 32 0.5303
27 7 19 0.5303
39 16 33 0.5303
11 2 10 0.5303
20 4 16 0.5303
34 8 30 0.5303
31 11 21 0.5303
24 5 20 0.5303
16 2 12 0.5304
35 15 31 0.5304
23 14 19 0.5304
12 3 9 0.5305
35 15 31 0.5305
27 10 23 0.5306
25 13 22 0.5306
47 13 44 0.5307
25 16 25 0.5307
21 9 19 0.5308
31 4 31 0.5308
12 5 12 0.5309
11 7 6 0.5309
0 0 0 0.5310
32 7 13 0.5310
30 6 15 0.5311
0.5311   
